1
148.500000,131.500000,79.000000,190.000000
148.500000,131.500000,79.000000,190.000000
142.630005,133.500000,77.000000,186.000000
143.130005,135.000000,76.000000,183.000000
143.130005,128.229996,76.000000,183.000000
143.130005,135.000000,76.000000,183.000000
144.130005,137.000000,74.000000,179.000000
143.130005,135.000000,76.000000,183.000000
138.759995,140.500000,72.000000,172.000000
138.259995,144.979996,73.000000,176.000000
131.169998,143.479996,74.000000,179.000000
116.629997,100.849998,76.000000,183.000000
116.129997,99.349998,77.000000,186.000000
108.120003,97.349998,79.000000,190.000000
108.120003,97.349998,79.000000,190.000000
99.930000,95.349998,81.000000,194.000000
98.430000,98.790001,84.000000,202.000000
99.930000,102.790001,81.000000,194.000000
99.930000,102.790001,81.000000,194.000000
99.930000,102.790001,81.000000,194.000000
99.930000,102.790001,81.000000,194.000000
100.930000,106.540001,79.000000,190.000000
101.930000,108.540001,77.000000,186.000000
101.930000,115.419998,77.000000,186.000000
101.930000,115.419998,77.000000,186.000000
101.930000,115.419998,77.000000,186.000000
101.930000,115.419998,77.000000,186.000000
101.930000,115.419998,77.000000,186.000000
101.930000,115.419998,77.000000,186.000000
101.930000,115.419998,77.000000,186.000000
101.930000,115.419998,77.000000,186.000000
101.930000,115.419998,77.000000,186.000000
101.930000,115.419998,77.000000,186.000000
101.930000,115.419998,77.000000,186.000000
101.930000,115.419998,77.000000,186.000000
101.930000,115.419998,77.000000,186.000000
102.430000,116.919998,76.000000,183.000000
102.430000,116.919998,76.000000,183.000000
101.930000,122.290001,77.000000,186.000000
101.930000,122.290001,77.000000,186.000000
101.930000,122.290001,77.000000,186.000000
101.930000,122.290001,77.000000,186.000000
101.930000,122.290001,77.000000,186.000000
101.930000,115.419998,77.000000,186.000000
101.930000,115.419998,77.000000,186.000000
101.930000,115.419998,77.000000,186.000000
101.930000,108.540001,77.000000,186.000000
108.809998,108.540001,77.000000,186.000000
116.080002,103.269997,76.000000,183.000000
116.080002,137.130005,76.000000,183.000000
108.699997,156.250000,77.000000,186.000000
90.440002,153.160004,74.000000,179.000000
96.220001,152.860001,76.000000,183.000000
97.220001,148.270004,74.000000,179.000000
104.199997,156.250000,73.000000,176.000000
104.199997,169.220001,73.000000,176.000000
103.110001,171.220001,72.000000,172.000000
109.480003,171.220001,72.000000,172.000000
97.980003,147.720001,70.000000,169.000000
95.389999,146.220001,72.000000,172.000000
95.389999,146.220001,72.000000,172.000000
95.389999,146.220001,72.000000,172.000000
96.389999,153.970001,70.000000,169.000000
90.809998,162.050003,69.000000,165.000000
103.730003,163.550003,67.000000,162.000000
97.769997,169.509995,67.000000,162.000000
109.980003,140.270004,66.000000,159.000000
104.120003,140.270004,66.000000,159.000000
104.620003,141.770004,65.000000,156.000000
104.620003,141.770004,65.000000,156.000000
101.750000,141.770004,65.000000,156.000000
101.750000,141.770004,65.000000,156.000000
101.750000,141.770004,65.000000,156.000000
101.750000,141.770004,65.000000,156.000000
101.750000,141.770004,65.000000,156.000000
101.750000,141.770004,65.000000,156.000000
101.750000,141.770004,65.000000,156.000000
101.750000,141.770004,65.000000,156.000000
101.750000,141.770004,65.000000,156.000000
101.750000,141.770004,65.000000,156.000000
101.750000,141.770004,65.000000,156.000000
101.750000,147.520004,65.000000,156.000000
101.750000,147.520004,65.000000,156.000000
102.250000,149.020004,64.000000,153.000000
103.250000,150.520004,62.000000,150.000000
103.750000,152.020004,61.000000,147.000000
103.750000,152.020004,61.000000,147.000000
104.250000,153.520004,60.000000,144.000000
104.250000,158.839996,60.000000,144.000000
105.250000,161.839996,58.000000,138.000000
106.250000,162.839996,56.000000,136.000000
106.750000,164.339996,55.000000,133.000000
112.050003,165.839996,54.000000,130.000000
111.550003,169.250000,55.000000,133.000000
110.050003,166.750000,58.000000,138.000000
110.050003,166.750000,58.000000,138.000000
110.050003,166.750000,58.000000,138.000000
111.550003,169.250000,55.000000,133.000000
116.080002,176.449997,53.000000,128.000000
115.080002,173.949997,55.000000,133.000000
115.080002,173.949997,55.000000,133.000000
116.080002,176.449997,53.000000,128.000000
119.330002,178.949997,51.000000,123.000000
118.830002,177.949997,52.000000,125.000000
119.330002,178.949997,51.000000,123.000000
119.830002,180.449997,50.000000,120.000000
120.830002,182.449997,48.000000,116.000000
125.519997,182.410004,47.000000,114.000000
125.019997,181.410004,48.000000,116.000000
124.019997,179.410004,50.000000,120.000000
123.019997,176.910004,52.000000,125.000000
123.019997,176.910004,52.000000,125.000000
123.519997,177.910004,51.000000,123.000000
124.019997,179.410004,50.000000,120.000000
125.120003,179.410004,50.000000,120.000000
125.120003,179.410004,50.000000,120.000000
125.620003,180.410004,49.000000,118.000000
130.399994,181.410004,48.000000,116.000000
129.899994,180.410004,49.000000,118.000000
129.399994,179.410004,50.000000,120.000000
128.899994,177.910004,51.000000,123.000000
128.399994,176.910004,52.000000,125.000000
128.899994,177.910004,51.000000,123.000000
128.899994,177.910004,51.000000,123.000000
133.809998,179.410004,50.000000,120.000000
133.309998,173.399994,51.000000,123.000000
132.309998,170.899994,53.000000,128.000000
132.309998,170.899994,53.000000,128.000000
132.809998,172.399994,52.000000,125.000000
133.309998,173.399994,51.000000,123.000000
134.309998,171.529999,49.000000,118.000000
134.309998,171.529999,49.000000,118.000000
135.309998,169.339996,47.000000,114.000000
135.809998,170.839996,46.000000,111.000000
136.309998,167.850006,45.000000,109.000000
132.320007,163.860001,45.000000,109.000000
132.320007,159.869995,45.000000,109.000000
132.320007,155.880005,45.000000,109.000000
132.820007,151.940002,44.000000,107.000000
132.820007,147.990005,44.000000,107.000000
132.820007,147.990005,44.000000,107.000000
133.320007,149.990005,43.000000,103.000000
133.820007,150.990005,42.000000,101.000000
130.669998,155.639999,41.000000,99.000000
127.610001,163.759995,40.000000,97.000000
123.160004,168.210007,40.000000,97.000000
116.040001,175.330002,40.000000,97.000000
112.480003,178.889999,40.000000,97.000000
108.919998,178.889999,40.000000,97.000000
105.360001,178.889999,40.000000,97.000000
101.800003,178.889999,40.000000,97.000000
101.800003,176.350006,40.000000,95.000000
98.260002,176.350006,40.000000,95.000000
98.260002,172.809998,40.000000,95.000000
98.260002,169.279999,40.000000,95.000000
94.720001,169.279999,40.000000,95.000000
94.720001,165.740005,40.000000,95.000000
94.720001,165.740005,40.000000,95.000000
94.720001,165.740005,40.000000,95.000000
94.720001,165.740005,40.000000,95.000000
98.260002,164.850006,40.000000,95.000000
98.260002,164.850006,40.000000,95.000000
99.150002,164.850006,40.000000,95.000000
99.150002,164.850006,40.000000,95.000000
102.680000,164.850006,40.000000,95.000000
102.680000,164.850006,40.000000,95.000000
102.680000,164.850006,40.000000,95.000000
102.680000,161.309998,40.000000,95.000000
99.150002,157.779999,40.000000,95.000000
95.610001,150.699997,40.000000,95.000000
84.930000,148.809998,40.000000,97.000000
99.169998,138.130005,40.000000,97.000000
99.169998,138.130005,40.000000,97.000000
98.669998,137.130005,41.000000,99.000000
94.419998,139.880005,42.000000,101.000000
89.190002,142.660004,43.000000,103.000000
83.849998,141.660004,44.000000,105.000000
79.900002,140.660004,44.000000,107.000000
75.949997,140.660004,44.000000,107.000000
67.470001,135.669998,45.000000,109.000000
58.799999,134.669998,46.000000,111.000000
49.930000,133.169998,47.000000,114.000000
37.369999,133.169998,47.000000,114.000000
28.320000,136.449997,48.000000,116.000000
23.450001,135.449997,49.000000,118.000000
18.540001,138.860001,50.000000,120.000000
9.720000,147.669998,50.000000,120.000000
9.720000,147.669998,50.000000,120.000000
9.220000,146.169998,51.000000,123.000000
9.220000,150.690002,51.000000,123.000000
13.730000,155.199997,51.000000,123.000000
13.730000,159.710007,51.000000,123.000000
18.240000,164.220001,51.000000,123.000000
22.760000,164.220001,51.000000,123.000000
29.520000,164.220001,51.000000,123.000000
20.500000,146.169998,51.000000,123.000000
34.610001,135.559998,49.000000,118.000000
29.100000,128.550003,51.000000,123.000000
29.100000,133.059998,51.000000,123.000000
37.810001,138.970001,52.000000,125.000000
37.310001,137.470001,53.000000,128.000000
37.310001,142.179993,53.000000,128.000000
2
0
0
0
0
1
121.459999,158.169998,68.000000,92.000000
127.489998,156.639999,64.000000,87.000000
127.489998,156.639999,64.000000,87.000000
131.919998,157.639999,63.000000,85.000000
131.919998,157.639999,63.000000,85.000000
136.270004,163.449997,62.000000,83.000000
140.110001,163.449997,62.000000,83.000000
144.860001,163.949997,60.000000,82.000000
143.860001,163.449997,62.000000,83.000000
141.110001,163.949997,60.000000,82.000000
141.110001,163.949997,60.000000,82.000000
137.899994,168.660004,59.000000,80.000000
137.399994,163.910004,60.000000,82.000000
138.399994,165.410004,58.000000,79.000000
142.899994,163.910004,56.000000,75.000000
142.399994,162.910004,57.000000,77.000000
142.399994,162.910004,57.000000,77.000000
141.399994,161.410004,59.000000,80.000000
141.399994,161.410004,59.000000,80.000000
141.399994,161.410004,59.000000,80.000000
140.899994,160.410004,60.000000,82.000000
146.029999,157.699997,59.000000,80.000000
150.220001,152.949997,60.000000,82.000000
157.580002,143.580002,63.000000,85.000000
162.110001,138.550003,64.000000,87.000000
167.529999,135.619995,63.000000,85.000000
172.449997,135.619995,63.000000,85.000000
175.979996,134.619995,64.000000,87.000000
175.979996,134.619995,64.000000,87.000000
180.009995,134.619995,64.000000,87.000000
184.440002,139.550003,63.000000,85.000000
180.509995,130.699997,63.000000,85.000000
185.429993,130.699997,63.000000,85.000000
181.490005,156.279999,63.000000,85.000000
189.679993,161.119995,62.000000,83.000000
189.679993,165.929993,62.000000,83.000000
192.710007,163.929993,64.000000,87.000000
195.369995,167.630005,67.000000,90.000000
194.869995,166.630005,68.000000,92.000000
199.529999,176.990005,67.000000,90.000000
200.529999,172.919998,65.000000,88.000000
204.589996,168.869995,65.000000,88.000000
201.539993,168.869995,65.000000,88.000000
190.470001,171.119995,68.000000,92.000000
200.339996,145.070007,67.000000,90.000000
199.339996,148.500000,69.000000,94.000000
198.339996,147.500000,71.000000,96.000000
193.880005,161.979996,71.000000,96.000000
190.529999,158.630005,69.000000,94.000000
191.029999,159.630005,68.000000,92.000000
181.460007,145.809998,68.000000,92.000000
177.210007,136.229996,68.000000,92.000000
171.889999,131.979996,68.000000,92.000000
167.039993,130.979996,69.000000,94.000000
160.470001,121.070000,71.000000,96.000000
151.559998,121.070000,71.000000,96.000000
146.570007,114.449997,72.000000,98.000000
142.619995,117.680000,71.000000,96.000000
138.160004,122.129997,71.000000,96.000000
132.600006,122.129997,71.000000,96.000000
128.139999,122.129997,71.000000,96.000000
128.139999,122.129997,71.000000,96.000000
148.190002,123.250000,71.000000,96.000000
147.690002,122.250000,72.000000,98.000000
147.690002,122.250000,72.000000,98.000000
147.690002,126.739998,72.000000,98.000000
152.179993,126.739998,72.000000,98.000000
152.179993,132.360001,72.000000,98.000000
156.929993,140.559998,74.000000,100.000000
162.679993,146.309998,74.000000,100.000000
168.429993,156.660004,74.000000,100.000000
168.429993,146.309998,74.000000,100.000000
2
0
0
0
0
1
348.630005,243.729996,157.000000,130.000000
381.179993,255.220001,157.000000,130.000000
405.000000,261.510010,160.000000,133.000000
423.730011,253.440002,157.000000,130.000000
428.649994,268.739990,163.000000,135.000000
