1
190.479996,337.000000,49.000000,123.000000
199.750000,342.390015,48.000000,121.000000
202.929993,338.890015,51.000000,128.000000
213.449997,343.559998,51.000000,128.000000
222.500000,342.059998,52.000000,131.000000
235.649994,342.059998,52.000000,131.000000
244.779999,341.059998,53.000000,133.000000
253.830002,343.089996,55.000000,139.000000
268.899994,343.089996,55.000000,139.000000
283.970001,343.089996,55.000000,139.000000
293.399994,345.799988,57.000000,144.000000
308.420013,344.299988,59.000000,147.000000
325.079987,345.799988,57.000000,144.000000
339.910004,348.250000,60.000000,150.000000
356.049988,346.750000,61.000000,153.000000
372.299988,343.750000,63.000000,159.000000
389.750000,345.250000,62.000000,156.000000
402.459991,350.899994,62.000000,156.000000
414.910004,355.149994,63.000000,159.000000
420.660004,355.149994,63.000000,159.000000
431.510010,341.790009,65.000000,162.000000
448.309998,336.790009,69.000000,172.000000
461.890015,333.290009,71.000000,179.000000
468.369995,333.290009,71.000000,179.000000
480.709991,331.290009,73.000000,183.000000
501.640015,327.790009,76.000000,190.000000
521.739990,331.000000,79.000000,198.000000
535.239990,327.000000,82.000000,206.000000
536.239990,336.309998,80.000000,202.000000
535.239990,334.309998,82.000000,206.000000
533.739990,338.109985,85.000000,214.000000
526.609985,340.109985,84.000000,210.000000
485.459991,344.040009,87.000000,218.000000
525.109985,348.040009,84.000000,210.000000
506.359985,341.540009,89.000000,223.000000
2
0
0
0
0
1
632.609985,268.339996,198.000000,136.000000
662.869995,250.279999,194.000000,133.000000
603.400024,228.880005,198.000000,136.000000
585.830017,210.820007,194.000000,133.000000
572.789978,198.779999,202.000000,139.000000
554.900024,268.799988,198.000000,136.000000
552.900024,307.980011,202.000000,139.000000
531.239990,284.329987,190.000000,131.000000
478.609985,290.670013,198.000000,136.000000
453.850006,258.179993,206.000000,141.000000
459.850006,233.919998,194.000000,133.000000
2
0
0
0
0
1
580.159973,183.789993,114.000000,222.000000
553.630005,166.100006,114.000000,222.000000
531.359985,149.720001,121.000000,236.000000
523.179993,152.220001,119.000000,231.000000
504.799988,143.029999,119.000000,231.000000
497.329987,136.559998,116.000000,226.000000
486.640015,124.870003,119.000000,231.000000
2
0
0
0
0
1
630.760010,375.260010,203.000000,110.000000
622.520020,375.260010,203.000000,110.000000
622.520020,367.019989,203.000000,110.000000
609.960022,365.019989,211.000000,114.000000
605.719971,367.019989,203.000000,110.000000
603.719971,366.019989,207.000000,112.000000
590.969971,354.760010,215.000000,117.000000
594.969971,357.260010,207.000000,112.000000
594.969971,357.260010,207.000000,112.000000
594.969971,357.260010,207.000000,112.000000
584.409973,356.260010,211.000000,114.000000
586.409973,357.260010,207.000000,112.000000
588.409973,358.260010,203.000000,110.000000
588.409973,358.260010,203.000000,110.000000
588.409973,358.260010,203.000000,110.000000
586.409973,357.260010,207.000000,112.000000
584.409973,356.260010,211.000000,114.000000
584.409973,356.260010,211.000000,114.000000
584.409973,347.709991,211.000000,114.000000
584.409973,347.709991,211.000000,114.000000
584.409973,347.709991,211.000000,114.000000
584.409973,347.709991,211.000000,114.000000
584.409973,347.709991,211.000000,114.000000
584.409973,347.709991,211.000000,114.000000
575.849976,347.709991,211.000000,114.000000
577.849976,348.709991,207.000000,112.000000
579.849976,349.709991,203.000000,110.000000
579.849976,349.709991,203.000000,110.000000
579.849976,349.709991,203.000000,110.000000
581.849976,350.709991,199.000000,108.000000
591.780029,351.709991,195.000000,106.000000
589.780029,350.709991,199.000000,108.000000
589.780029,350.709991,199.000000,108.000000
589.780029,350.709991,199.000000,108.000000
589.780029,350.709991,199.000000,108.000000
589.780029,350.709991,199.000000,108.000000
589.780029,350.709991,199.000000,108.000000
589.780029,350.709991,199.000000,108.000000
589.780029,350.709991,199.000000,108.000000
589.780029,350.709991,199.000000,108.000000
589.780029,350.709991,199.000000,108.000000
589.780029,342.600006,199.000000,108.000000
591.780029,343.600006,195.000000,106.000000
581.669983,342.600006,199.000000,108.000000
583.669983,343.600006,195.000000,106.000000
581.669983,342.600006,199.000000,108.000000
