1
106.000000,61.160000,131.000000,126.000000
100.779999,55.439999,128.000000,124.000000
109.180000,70.559998,128.000000,124.000000
115.900002,63.840000,128.000000,124.000000
121.239998,62.840000,131.000000,126.000000
130.339996,65.339996,126.000000,121.000000
136.940002,65.339996,126.000000,121.000000
138.440002,56.700001,123.000000,119.000000
145.190002,49.099998,126.000000,121.000000
151.789993,49.099998,126.000000,121.000000
160.589996,45.290001,121.000000,116.000000
145.130005,64.680000,123.000000,119.000000
143.630005,70.279999,126.000000,121.000000
149.350006,68.779999,128.000000,124.000000
146.350006,66.279999,134.000000,129.000000
146.350006,66.279999,134.000000,129.000000
154.690002,67.779999,131.000000,126.000000
162.910004,68.779999,128.000000,124.000000
170.509995,76.879997,126.000000,121.000000
177.110001,76.879997,126.000000,121.000000
177.789993,75.379997,128.000000,124.000000
183.130005,67.540001,131.000000,126.000000
183.130005,67.540001,131.000000,126.000000
184.630005,65.180000,128.000000,124.000000
180.710007,67.680000,123.000000,119.000000
182.710007,63.980000,119.000000,114.000000
210.080002,62.980000,121.000000,116.000000
244.770004,48.790001,121.000000,116.000000
238.460007,34.599998,121.000000,116.000000
238.460007,28.299999,121.000000,116.000000
232.160004,15.680000,121.000000,116.000000
233.160004,8.930000,119.000000,114.000000
228.580002,2.330000,116.000000,112.000000
2
0
0
0
0
1
185.440002,122.510002,80.000000,84.000000
188.449997,115.379997,83.000000,87.000000
188.949997,108.040001,82.000000,86.000000
188.449997,117.680000,83.000000,87.000000
188.949997,128.259995,82.000000,86.000000
188.449997,122.129997,83.000000,87.000000
191.169998,124.849998,87.000000,91.000000
192.169998,131.610001,85.000000,89.000000
192.169998,141.990005,85.000000,89.000000
193.669998,153.570007,82.000000,86.000000
198.149994,159.169998,82.000000,86.000000
202.630005,173.729996,82.000000,86.000000
202.630005,179.330002,82.000000,86.000000
208.229996,189.410004,82.000000,86.000000
212.240005,193.419998,83.000000,87.000000
218.339996,203.990005,82.000000,86.000000
223.470001,208.000000,83.000000,87.000000
230.440002,213.869995,80.000000,84.000000
240.270004,218.250000,80.000000,84.000000
244.869995,221.729996,82.000000,86.000000
254.949997,221.729996,82.000000,86.000000
260.549988,226.210007,82.000000,86.000000
270.630005,226.210007,82.000000,86.000000
280.709991,221.729996,82.000000,86.000000
290.790009,216.130005,82.000000,86.000000
295.059998,219.240005,85.000000,89.000000
300.820007,208.860001,85.000000,89.000000
305.440002,204.250000,85.000000,89.000000
291.790009,180.460007,83.000000,87.000000
301.929993,172.580002,83.000000,87.000000
307.559998,152.300003,83.000000,87.000000
316.579987,110.610001,83.000000,87.000000
337.230011,106.629997,82.000000,86.000000
348.070007,89.050003,80.000000,84.000000
351.549988,77.970001,82.000000,86.000000
356.029999,83.570000,82.000000,86.000000
367.630005,64.239998,78.000000,82.000000
391.160004,57.410000,77.000000,81.000000
399.500000,41.700001,80.000000,84.000000
401.679993,42.790001,80.000000,84.000000
407.149994,42.790001,80.000000,84.000000
392.940002,38.419998,80.000000,84.000000
389.670013,49.020000,78.000000,82.000000
390.170013,68.360001,77.000000,81.000000
391.670013,78.980003,74.000000,78.000000
377.910004,91.739998,75.000000,79.000000
364.649994,100.919998,75.000000,79.000000
351.980011,114.589996,74.000000,78.000000
338.220001,123.269997,75.000000,79.000000
2
0
0
0
0
1
268.829987,58.700001,102.000000,103.000000
264.279999,60.700001,98.000000,99.000000
254.970001,62.700001,94.000000,95.000000
249.949997,62.700001,94.000000,95.000000
243.809998,61.700001,96.000000,97.000000
256.649994,56.570000,96.000000,97.000000
255.649994,55.570000,98.000000,99.000000
247.960007,49.220001,100.000000,101.000000
243.720001,50.220001,98.000000,99.000000
238.479996,50.220001,98.000000,99.000000
244.619995,56.360001,96.000000,97.000000
234.350006,49.939999,96.000000,97.000000
232.350006,47.939999,100.000000,101.000000
217.839996,40.380001,104.000000,105.000000
216.839996,39.380001,106.000000,107.000000
211.169998,39.380001,106.000000,107.000000
212.169998,40.380001,104.000000,105.000000
167.259995,73.379997,106.000000,107.000000
163.759995,69.879997,113.000000,114.000000
150.110001,75.949997,113.000000,114.000000
135.220001,82.660004,115.000000,116.000000
135.220001,82.660004,115.000000,116.000000
130.149994,91.250000,113.000000,114.000000
129.149994,104.139999,115.000000,116.000000
135.320007,84.070000,115.000000,116.000000
137.820007,85.099998,110.000000,111.000000
136.320007,69.949997,113.000000,114.000000
133.050003,72.449997,108.000000,109.000000
134.050003,66.370003,106.000000,107.000000
139.399994,57.020000,110.000000,111.000000
146.169998,45.029999,108.000000,109.000000
157.720001,36.369999,108.000000,109.000000
2
0
0
0
0
1
149.000000,91.160004,82.000000,79.000000
157.869995,90.160004,84.000000,81.000000
168.500000,86.879997,82.000000,79.000000
179.330002,88.379997,79.000000,76.000000
188.750000,93.839996,76.000000,73.000000
188.250000,97.379997,77.000000,74.000000
188.250000,105.459999,77.000000,74.000000
164.440002,76.470001,79.000000,76.000000
169.479996,84.540001,77.000000,74.000000
172.630005,102.199997,79.000000,76.000000
172.630005,106.349998,79.000000,76.000000
170.130005,104.949997,84.000000,81.000000
165.160004,104.449997,85.000000,82.000000
164.160004,108.019997,87.000000,84.000000
158.479996,107.019997,89.000000,86.000000
170.529999,119.070000,85.000000,82.000000
184.389999,92.919998,87.000000,84.000000
183.389999,102.449997,89.000000,86.000000
183.389999,107.129997,89.000000,86.000000
175.339996,109.129997,85.000000,82.000000
171.460007,109.629997,84.000000,81.000000
175.839996,138.139999,84.000000,81.000000
170.880005,133.169998,85.000000,82.000000
164.199997,131.169998,89.000000,86.000000
152.580002,109.430000,91.000000,87.000000
147.270004,108.430000,92.000000,89.000000
147.770004,109.430000,91.000000,87.000000
137.149994,104.709999,91.000000,87.000000
2
0
0
