1
336.500000,165.460007,26.000000,53.000000
336.500000,165.460007,26.000000,53.000000
334.989990,165.960007,25.000000,52.000000
334.989990,165.960007,25.000000,52.000000
336.579987,169.630005,26.000000,53.000000
336.079987,164.910004,27.000000,55.000000
333.950012,162.779999,27.000000,55.000000
332.950012,164.279999,25.000000,52.000000
332.950012,167.270004,25.000000,50.000000
330.950012,168.770004,25.000000,51.000000
330.950012,168.270004,25.000000,52.000000
330.950012,166.770004,25.000000,51.000000
326.959991,164.770004,25.000000,51.000000
326.959991,166.770004,25.000000,51.000000
326.959991,166.770004,25.000000,51.000000
326.959991,169.250000,25.000000,50.000000
326.959991,166.759995,25.000000,51.000000
328.950012,164.759995,25.000000,51.000000
328.950012,163.279999,25.000000,50.000000
330.399994,163.779999,24.000000,49.000000
330.399994,163.779999,24.000000,49.000000
330.399994,165.679993,24.000000,49.000000
331.899994,162.679993,25.000000,51.000000
331.899994,162.179993,25.000000,52.000000
331.399994,159.589996,26.000000,53.000000
328.779999,159.089996,27.000000,54.000000
326.670013,161.210007,27.000000,54.000000
328.799988,154.330002,27.000000,55.000000
329.850006,154.830002,27.000000,54.000000
330.350006,155.330002,26.000000,53.000000
330.850006,156.330002,25.000000,51.000000
332.839996,158.809998,25.000000,50.000000
332.839996,155.800003,25.000000,52.000000
332.839996,156.300003,25.000000,51.000000
332.839996,156.300003,25.000000,51.000000
332.839996,156.300003,25.000000,51.000000
332.839996,158.300003,25.000000,51.000000
332.339996,157.300003,26.000000,53.000000
333.429993,154.690002,27.000000,54.000000
335.540009,152.570007,27.000000,54.000000
333.429993,152.570007,27.000000,54.000000
333.929993,153.070007,26.000000,53.000000
333.929993,155.160004,26.000000,53.000000
333.929993,155.160004,26.000000,53.000000
333.929993,153.070007,26.000000,53.000000
333.429993,152.570007,27.000000,54.000000
332.359985,155.160004,26.000000,53.000000
331.859985,156.770004,27.000000,54.000000
331.859985,154.660004,27.000000,54.000000
333.980011,154.660004,27.000000,54.000000
335.519989,153.070007,26.000000,53.000000
335.519989,155.160004,26.000000,53.000000
335.519989,155.160004,26.000000,53.000000
337.609985,157.250000,26.000000,53.000000
339.230011,154.630005,27.000000,54.000000
339.230011,154.630005,27.000000,54.000000
337.109985,156.750000,27.000000,54.000000
337.109985,156.750000,27.000000,54.000000
337.109985,156.750000,27.000000,54.000000
337.109985,154.630005,27.000000,54.000000
334.989990,154.630005,27.000000,54.000000
334.989990,152.520004,27.000000,54.000000
332.880005,152.520004,27.000000,54.000000
330.750000,154.139999,27.000000,55.000000
330.750000,154.139999,27.000000,55.000000
328.619995,154.139999,27.000000,55.000000
326.500000,154.139999,27.000000,55.000000
324.369995,154.139999,27.000000,55.000000
322.239990,154.139999,27.000000,55.000000
324.369995,156.270004,27.000000,55.000000
324.369995,156.270004,27.000000,55.000000
324.369995,154.139999,27.000000,55.000000
322.239990,154.139999,27.000000,55.000000
324.369995,156.270004,27.000000,55.000000
326.079987,153.559998,28.000000,56.000000
326.079987,153.559998,28.000000,56.000000
323.869995,153.559998,28.000000,56.000000
321.660004,155.770004,28.000000,56.000000
321.660004,155.270004,28.000000,57.000000
322.769989,155.270004,28.000000,57.000000
322.769989,155.270004,28.000000,57.000000
322.769989,155.270004,28.000000,57.000000
322.769989,153.050003,28.000000,57.000000
322.769989,153.050003,28.000000,57.000000
322.769989,155.270004,28.000000,57.000000
324.989990,155.270004,28.000000,57.000000
324.989990,155.270004,28.000000,57.000000
324.989990,155.270004,28.000000,57.000000
324.989990,155.270004,28.000000,57.000000
324.989990,157.490005,28.000000,57.000000
329.429993,157.490005,28.000000,57.000000
331.649994,157.490005,28.000000,57.000000
331.649994,155.270004,28.000000,57.000000
331.649994,155.270004,28.000000,57.000000
333.869995,155.270004,28.000000,57.000000
336.089996,155.270004,28.000000,57.000000
338.309998,155.270004,28.000000,57.000000
338.309998,155.270004,28.000000,57.000000
338.309998,155.270004,28.000000,57.000000
336.640015,155.270004,28.000000,57.000000
338.859985,155.270004,28.000000,57.000000
341.079987,155.270004,28.000000,57.000000
341.079987,155.270004,28.000000,57.000000
339.970001,153.050003,28.000000,57.000000
339.970001,153.050003,28.000000,57.000000
342.190002,155.270004,28.000000,57.000000
344.410004,155.270004,28.000000,57.000000
346.630005,155.270004,28.000000,57.000000
346.630005,155.270004,28.000000,57.000000
348.299988,157.490005,28.000000,57.000000
348.299988,157.490005,28.000000,57.000000
352.739990,159.710007,28.000000,57.000000
354.959991,157.490005,28.000000,57.000000
357.179993,157.490005,28.000000,57.000000
358.989990,156.490005,29.000000,59.000000
361.299988,158.800003,29.000000,59.000000
364.209991,158.300003,29.000000,60.000000
366.529999,158.300003,29.000000,60.000000
366.529999,158.300003,29.000000,60.000000
366.029999,156.000000,30.000000,61.000000
366.529999,158.820007,29.000000,60.000000
368.850006,158.820007,29.000000,60.000000
371.179993,158.820007,29.000000,60.000000
371.179993,158.820007,29.000000,60.000000
368.850006,158.820007,29.000000,60.000000
368.350006,158.320007,30.000000,61.000000
370.760010,160.729996,30.000000,61.000000
370.760010,158.919998,30.000000,61.000000
373.160004,158.919998,30.000000,61.000000
373.160004,161.330002,30.000000,61.000000
375.570007,163.729996,30.000000,61.000000
375.570007,163.729996,30.000000,61.000000
379.779999,163.729996,30.000000,61.000000
382.179993,163.729996,30.000000,61.000000
382.179993,163.729996,30.000000,61.000000
383.980011,163.729996,30.000000,61.000000
383.980011,163.729996,30.000000,61.000000
386.390015,166.139999,30.000000,61.000000
391.200012,166.139999,30.000000,61.000000
391.200012,166.139999,30.000000,61.000000
393.600006,168.539993,30.000000,61.000000
393.600006,168.039993,30.000000,62.000000
393.600006,170.949997,30.000000,61.000000
396.010010,170.949997,30.000000,61.000000
403.220001,170.949997,30.000000,61.000000
403.220001,170.449997,30.000000,62.000000
405.640015,170.449997,30.000000,62.000000
405.640015,172.860001,30.000000,62.000000
410.470001,172.860001,30.000000,62.000000
412.869995,170.960007,30.000000,61.000000
412.869995,170.960007,30.000000,61.000000
412.869995,170.960007,30.000000,61.000000
412.869995,170.960007,30.000000,61.000000
412.869995,170.960007,30.000000,61.000000
412.869995,170.960007,30.000000,61.000000
412.869995,168.550003,30.000000,61.000000
412.869995,168.050003,30.000000,62.000000
412.869995,168.050003,30.000000,62.000000
412.369995,167.550003,31.000000,63.000000
415.290009,170.470001,30.000000,62.000000
415.290009,170.470001,30.000000,62.000000
417.709991,170.470001,30.000000,62.000000
417.709991,170.470001,30.000000,62.000000
420.109985,170.970001,30.000000,61.000000
422.519989,173.369995,30.000000,61.000000
427.329987,173.369995,30.000000,61.000000
432.140015,173.369995,30.000000,61.000000
441.750000,173.369995,30.000000,61.000000
444.160004,173.369995,30.000000,61.000000
446.559998,173.369995,30.000000,61.000000
451.369995,173.369995,30.000000,61.000000
456.179993,170.970001,30.000000,61.000000
458.589996,170.970001,30.000000,61.000000
458.589996,170.970001,30.000000,61.000000
460.989990,168.559998,30.000000,61.000000
466.140015,166.740005,29.000000,60.000000
466.140015,164.419998,29.000000,60.000000
468.459991,164.419998,29.000000,60.000000
467.959991,161.509995,30.000000,61.000000
465.559998,161.509995,30.000000,61.000000
465.559998,161.509995,30.000000,61.000000
467.959991,161.509995,30.000000,61.000000
470.790009,164.339996,29.000000,60.000000
470.790009,166.660004,29.000000,60.000000
470.790009,166.660004,29.000000,60.000000
471.359985,169.470001,29.000000,59.000000
471.359985,171.779999,29.000000,59.000000
473.679993,169.470001,29.000000,59.000000
471.350006,171.300003,29.000000,60.000000
470.850006,170.800003,30.000000,61.000000
466.040009,173.199997,30.000000,61.000000
463.640015,173.199997,30.000000,61.000000
463.640015,173.199997,30.000000,61.000000
461.230011,173.199997,30.000000,61.000000
458.230011,173.199997,30.000000,61.000000
455.820007,173.199997,30.000000,61.000000
455.820007,173.199997,30.000000,61.000000
456.320007,171.380005,29.000000,60.000000
456.320007,171.380005,29.000000,60.000000
456.320007,169.050003,29.000000,60.000000
456.320007,169.050003,29.000000,60.000000
456.320007,169.050003,29.000000,60.000000
456.320007,166.729996,29.000000,60.000000
458.649994,166.729996,29.000000,60.000000
458.649994,164.410004,29.000000,60.000000
456.320007,164.410004,29.000000,60.000000
456.320007,162.080002,29.000000,60.000000
456.320007,160.270004,29.000000,59.000000
452.380005,163.490005,28.000000,57.000000
452.380005,161.270004,28.000000,57.000000
452.380005,161.270004,28.000000,57.000000
450.160004,161.270004,28.000000,57.000000
450.160004,161.270004,28.000000,57.000000
450.160004,161.270004,28.000000,57.000000
447.940002,161.270004,28.000000,57.000000
450.160004,159.050003,28.000000,57.000000
452.380005,159.050003,28.000000,57.000000
450.160004,159.050003,28.000000,57.000000
452.380005,159.050003,28.000000,57.000000
452.380005,159.050003,28.000000,57.000000
452.380005,157.940002,28.000000,57.000000
454.600006,157.940002,28.000000,57.000000
452.940002,157.940002,28.000000,57.000000
452.940002,157.940002,28.000000,57.000000
452.940002,157.940002,28.000000,57.000000
452.940002,155.720001,28.000000,57.000000
454.049988,153.500000,28.000000,57.000000
455.709991,151.279999,28.000000,57.000000
455.709991,151.279999,28.000000,57.000000
457.529999,150.279999,29.000000,59.000000
457.529999,149.779999,29.000000,60.000000
455.200012,152.100006,29.000000,60.000000
459.850006,152.100006,29.000000,60.000000
464.160004,149.199997,30.000000,61.000000
468.970001,148.600006,30.000000,61.000000
471.380005,145.679993,30.000000,62.000000
476.190002,146.179993,30.000000,61.000000
481.000000,134.160004,30.000000,61.000000
495.500000,133.660004,30.000000,62.000000
502.940002,138.050003,31.000000,63.000000
508.269989,136.130005,30.000000,62.000000
513.099976,136.130005,30.000000,62.000000
517.929993,138.550003,30.000000,62.000000
525.179993,133.710007,30.000000,62.000000
527.599976,131.300003,30.000000,62.000000
532.409973,130.589996,30.000000,61.000000
534.809998,128.190002,30.000000,61.000000
534.809998,128.190002,30.000000,61.000000
534.809998,125.790001,30.000000,61.000000
535.309998,126.290001,29.000000,60.000000
537.640015,119.309998,29.000000,60.000000
535.929993,118.809998,30.000000,61.000000
533.530029,116.410004,30.000000,61.000000
528.719971,126.029999,30.000000,61.000000
526.309998,126.029999,30.000000,61.000000
523.909973,126.029999,30.000000,61.000000
521.510010,123.620003,30.000000,61.000000
521.510010,123.620003,30.000000,61.000000
519.099976,123.620003,30.000000,61.000000
516.700012,123.620003,30.000000,61.000000
514.289978,123.620003,30.000000,61.000000
511.309998,124.120003,29.000000,60.000000
511.309998,121.800003,29.000000,60.000000
511.309998,121.800003,29.000000,60.000000
508.980011,117.150002,29.000000,60.000000
502.049988,117.650002,29.000000,59.000000
499.730011,117.650002,29.000000,59.000000
499.730011,117.650002,29.000000,59.000000
499.149994,115.339996,29.000000,59.000000
496.839996,110.720001,29.000000,59.000000
492.220001,108.400002,29.000000,59.000000
492.220001,108.400002,29.000000,59.000000
489.910004,106.089996,29.000000,59.000000
487.589996,103.779999,29.000000,59.000000
487.589996,100.889999,29.000000,59.000000
487.589996,98.580002,29.000000,59.000000
487.589996,96.260002,29.000000,59.000000
485.869995,97.260002,28.000000,57.000000
485.869995,97.260002,28.000000,57.000000
485.869995,97.260002,28.000000,57.000000
485.869995,95.040001,28.000000,57.000000
488.089996,94.489998,28.000000,57.000000
488.089996,92.269997,28.000000,57.000000
488.089996,92.769997,28.000000,56.000000
490.299988,92.769997,28.000000,56.000000
490.799988,93.269997,27.000000,55.000000
491.329987,93.269997,27.000000,55.000000
493.040009,90.559998,28.000000,56.000000
495.250000,88.349998,28.000000,56.000000
495.250000,88.349998,28.000000,56.000000
495.250000,87.849998,28.000000,57.000000
493.029999,87.849998,28.000000,57.000000
493.029999,90.559998,28.000000,56.000000
493.029999,90.059998,28.000000,57.000000
493.029999,90.059998,28.000000,57.000000
490.809998,90.059998,28.000000,57.000000
488.589996,90.059998,28.000000,57.000000
485.279999,90.559998,28.000000,56.000000
483.649994,93.190002,27.000000,55.000000
480.940002,90.480003,28.000000,56.000000
478.779999,90.980003,27.000000,55.000000
473.869995,90.480003,28.000000,56.000000
467.790009,90.480003,28.000000,56.000000
463.369995,92.690002,28.000000,56.000000
458.959991,94.900002,28.000000,56.000000
454.540009,97.110001,28.000000,56.000000
450.100006,96.610001,28.000000,57.000000
445.660004,96.610001,28.000000,57.000000
441.220001,96.610001,28.000000,57.000000
441.220001,97.110001,28.000000,56.000000
439.010010,99.309998,28.000000,56.000000
437.380005,99.809998,27.000000,55.000000
437.380005,99.809998,27.000000,55.000000
437.380005,99.809998,27.000000,55.000000
435.260010,97.690002,27.000000,55.000000
433.140015,98.190002,27.000000,54.000000
431.549988,98.690002,26.000000,53.000000
432.049988,101.199997,25.000000,52.000000
432.049988,103.199997,25.000000,52.000000
431.549988,102.699997,26.000000,53.000000
431.049988,99.580002,27.000000,55.000000
431.049988,100.080002,27.000000,54.000000
431.049988,102.190002,27.000000,54.000000
431.049988,101.690002,27.000000,55.000000
428.920013,99.559998,27.000000,55.000000
428.920013,97.440002,27.000000,55.000000
426.809998,97.940002,27.000000,54.000000
425.220001,98.440002,26.000000,53.000000
423.130005,100.529999,26.000000,53.000000
420.510010,100.029999,27.000000,54.000000
416.279999,97.910004,27.000000,54.000000
415.750000,97.910004,27.000000,54.000000
413.630005,97.910004,27.000000,54.000000
411.519989,97.910004,27.000000,54.000000
409.929993,100.500000,26.000000,53.000000
409.929993,98.410004,26.000000,53.000000
408.420013,96.900002,25.000000,52.000000
404.429993,97.400002,25.000000,51.000000
402.440002,97.900002,25.000000,50.000000
399.130005,100.309998,24.000000,49.000000
397.230011,100.309998,24.000000,49.000000
394.739990,97.820000,25.000000,50.000000
393.339996,98.320000,24.000000,49.000000
389.049988,98.320000,24.000000,49.000000
383.339996,100.230003,24.000000,49.000000
378.869995,97.739998,25.000000,50.000000
375.559998,96.339996,24.000000,49.000000
375.559998,96.839996,24.000000,48.000000
375.559998,96.839996,24.000000,48.000000
