1
506.149994,194.500000,57.000000,33.000000
501.450012,194.500000,57.000000,33.000000
484.989990,194.500000,57.000000,33.000000
470.880005,196.850006,57.000000,33.000000
462.079987,197.350006,56.000000,32.000000
447.549988,195.029999,56.000000,32.000000
433.600006,190.380005,56.000000,32.000000
425.670013,188.649994,54.000000,31.000000
410.730011,191.350006,53.000000,30.000000
395.859985,190.350006,55.000000,32.000000
388.920013,188.039993,55.000000,32.000000
394.700012,184.759995,52.000000,30.000000
393.079987,187.369995,51.000000,29.000000
386.739990,185.259995,51.000000,29.000000
368.549988,181.720001,49.000000,28.000000
359.959991,179.699997,49.000000,28.000000
354.429993,177.690002,48.000000,28.000000
341.809998,173.639999,49.000000,28.000000
329.179993,167.080002,49.000000,28.000000
321.100006,165.059998,49.000000,28.000000
310.489990,163.039993,49.000000,28.000000
310.489990,163.039993,49.000000,28.000000
307.369995,162.539993,51.000000,29.000000
309.010010,166.320007,52.000000,30.000000
2
0
0
0
0
1
209.089996,162.639999,53.000000,29.000000
221.460007,157.679993,55.000000,30.000000
220.850006,162.899994,52.000000,28.000000
216.639999,169.229996,52.000000,28.000000
213.419998,170.440002,54.000000,30.000000
2
0
0
0
0
1
135.330002,177.330002,48.000000,38.000000
140.860001,181.179993,47.000000,37.000000
143.649994,183.419998,47.000000,37.000000
149.380005,185.179993,48.000000,38.000000
151.220001,187.020004,49.000000,39.000000
152.660004,188.960007,51.000000,40.000000
151.660004,187.960007,53.000000,42.000000
154.199997,191.139999,53.000000,42.000000
156.910004,193.210007,54.000000,43.000000
159.479996,195.779999,54.000000,43.000000
162.690002,198.990005,54.000000,43.000000
162.190002,201.800003,55.000000,44.000000
168.470001,208.080002,54.000000,43.000000
2
0
0
0
0
1
171.779999,176.500000,34.000000,35.000000
174.529999,178.350006,33.000000,34.000000
176.750000,178.850006,32.000000,33.000000
178.949997,181.470001,31.000000,32.000000
177.449997,182.470001,30.000000,30.000000
179.929993,184.050003,29.000000,30.000000
181.520004,180.479996,29.000000,30.000000
185.410004,182.869995,28.000000,29.000000
191.809998,186.259995,28.000000,29.000000
195.199997,189.649994,28.000000,29.000000
195.199997,189.649994,28.000000,29.000000
200.100006,201.320007,28.000000,29.000000
203.490005,203.210007,28.000000,29.000000
206.880005,204.710007,28.000000,29.000000
210.710007,207.059998,27.000000,28.000000
213.600006,208.449997,28.000000,29.000000
213.600006,203.550003,28.000000,29.000000
218.490005,206.940002,28.000000,29.000000
225.270004,210.330002,28.000000,29.000000
225.270004,212.210007,28.000000,29.000000
226.270004,217.759995,26.000000,27.000000
230.820007,220.910004,26.000000,27.000000
235.130005,221.889999,27.000000,28.000000
241.419998,223.369995,27.000000,28.000000
244.309998,222.869995,28.000000,29.000000
247.320007,222.869995,28.000000,29.000000
247.320007,224.750000,28.000000,29.000000
252.630005,230.059998,27.000000,28.000000
257.410004,232.949997,28.000000,29.000000
264.190002,237.850006,28.000000,29.000000
268.839996,242.899994,29.000000,30.000000
270.339996,244.500000,30.000000,30.000000
275.940002,244.500000,30.000000,30.000000
283.579987,246.490005,29.000000,30.000000
288.980011,248.490005,28.000000,29.000000
288.480011,251.559998,29.000000,30.000000
303.160004,253.149994,29.000000,30.000000
299.059998,256.750000,30.000000,30.000000
297.570007,256.750000,29.000000,30.000000
299.160004,260.320007,29.000000,30.000000
286.859985,258.339996,29.000000,30.000000
288.450012,260.320007,29.000000,30.000000
288.450012,263.890015,29.000000,30.000000
284.350006,263.890015,30.000000,30.000000
280.720001,256.130005,30.000000,31.000000
284.029999,261.130005,31.000000,32.000000
281.910004,266.640015,31.000000,32.000000
283.130005,266.140015,32.000000,33.000000
291.250000,268.750000,31.000000,32.000000
296.760010,272.559998,31.000000,32.000000
296.760010,274.679993,31.000000,32.000000
298.450012,281.880005,31.000000,32.000000
300.570007,287.380005,31.000000,32.000000
294.269989,302.779999,30.000000,30.000000
297.070007,307.980011,30.000000,30.000000
295.470001,304.779999,30.000000,30.000000
291.869995,299.579987,30.000000,30.000000
290.269989,303.179993,30.000000,30.000000
289.470001,305.179993,30.000000,30.000000
289.470001,306.779999,30.000000,30.000000
287.980011,306.779999,29.000000,30.000000
285.089996,307.279999,28.000000,29.000000
283.739990,306.299988,27.000000,28.000000
278.929993,306.299988,27.000000,28.000000
275.970001,302.970001,27.000000,28.000000
276.980011,303.980011,28.000000,29.000000
275.470001,307.369995,28.000000,29.000000
272.989990,308.850006,29.000000,30.000000
271.980011,311.609985,28.000000,29.000000
268.589996,315.000000,28.000000,29.000000
268.089996,318.070007,29.000000,30.000000
268.089996,318.070007,29.000000,30.000000
273.250000,320.049988,29.000000,30.000000
274.839996,323.619995,29.000000,30.000000
274.339996,325.220001,30.000000,30.000000
272.739990,330.420013,30.000000,30.000000
271.140015,335.619995,30.000000,30.000000
272.350006,338.350006,30.000000,31.000000
266.339996,343.350006,31.000000,32.000000
264.649994,346.739990,31.000000,32.000000
261.920013,348.850006,30.000000,31.000000
268.779999,354.089996,30.000000,31.000000
270.390015,354.089996,30.000000,31.000000
271.589996,348.089996,31.000000,32.000000
273.700012,348.089996,31.000000,32.000000
279.450012,353.829987,30.000000,31.000000
282.670013,352.220001,30.000000,31.000000
282.670013,348.589996,30.000000,31.000000
2
0
0
0
0
1
223.500000,342.500000,58.000000,42.000000
223.000000,342.000000,59.000000,43.000000
226.360001,342.000000,59.000000,43.000000
