1
438.000000,107.330002,51.000000,72.000000
438.000000,107.330002,51.000000,72.000000
438.000000,107.330002,51.000000,72.000000
438.000000,107.330002,51.000000,72.000000
438.000000,107.330002,51.000000,72.000000
438.000000,107.330002,51.000000,72.000000
438.000000,107.330002,51.000000,72.000000
438.000000,107.330002,51.000000,72.000000
437.500000,106.830002,52.000000,73.000000
437.500000,106.830002,52.000000,73.000000
437.000000,105.830002,53.000000,75.000000
436.000000,104.330002,55.000000,78.000000
435.500000,103.830002,56.000000,79.000000
435.500000,100.230003,56.000000,79.000000
437.000000,103.930000,53.000000,75.000000
436.000000,102.430000,55.000000,78.000000
436.880005,102.430000,55.000000,78.000000
436.880005,102.430000,55.000000,78.000000
436.880005,102.430000,55.000000,78.000000
436.880005,102.430000,55.000000,78.000000
436.880005,102.430000,55.000000,78.000000
436.380005,101.930000,56.000000,79.000000
436.380005,101.930000,56.000000,79.000000
436.380005,101.930000,56.000000,79.000000
436.880005,102.430000,55.000000,78.000000
437.380005,106.860001,54.000000,76.000000
436.380005,105.360001,56.000000,79.000000
436.880005,105.860001,55.000000,78.000000
437.380005,106.860001,54.000000,76.000000
437.880005,110.760002,53.000000,75.000000
436.880005,109.260002,55.000000,78.000000
436.380005,108.760002,56.000000,79.000000
436.880005,112.779999,55.000000,78.000000
436.380005,112.279999,56.000000,79.000000
436.380005,112.279999,56.000000,79.000000
433.359985,116.300003,55.000000,78.000000
432.859985,115.800003,56.000000,79.000000
432.359985,114.800003,57.000000,81.000000
432.359985,114.800003,57.000000,81.000000
431.359985,110.050003,59.000000,83.000000
433.359985,112.550003,55.000000,78.000000
429.839996,112.550003,55.000000,78.000000
429.839996,112.550003,55.000000,78.000000
429.339996,112.050003,56.000000,79.000000
429.339996,108.449997,56.000000,79.000000
430.339996,109.949997,54.000000,76.000000
430.339996,109.949997,54.000000,76.000000
426.910004,109.949997,54.000000,76.000000
426.910004,109.949997,54.000000,76.000000
426.910004,109.949997,54.000000,76.000000
426.910004,109.949997,54.000000,76.000000
427.410004,110.449997,53.000000,75.000000
427.410004,110.449997,53.000000,75.000000
427.410004,112.150002,53.000000,75.000000
426.410004,110.650002,55.000000,78.000000
426.410004,110.650002,55.000000,78.000000
425.910004,110.150002,56.000000,79.000000
425.910004,110.150002,56.000000,79.000000
421.769989,109.150002,57.000000,81.000000
420.769989,108.150002,59.000000,83.000000
420.769989,108.150002,59.000000,83.000000
420.769989,108.150002,59.000000,83.000000
420.769989,108.150002,59.000000,83.000000
420.769989,108.150002,59.000000,83.000000
420.769989,110.959999,59.000000,83.000000
420.269989,110.459999,60.000000,84.000000
420.269989,114.290001,60.000000,84.000000
419.769989,113.290001,61.000000,86.000000
419.269989,112.290001,62.000000,88.000000
418.769989,111.290001,63.000000,90.000000
418.769989,111.290001,63.000000,90.000000
418.769989,115.339996,63.000000,90.000000
417.769989,110.690002,65.000000,91.000000
423.230011,116.150002,62.000000,88.000000
423.230011,116.150002,62.000000,88.000000
418.679993,115.150002,63.000000,90.000000
418.679993,115.150002,63.000000,90.000000
418.679993,115.150002,63.000000,90.000000
418.679993,115.150002,63.000000,90.000000
418.679993,115.150002,63.000000,90.000000
418.679993,115.150002,63.000000,90.000000
418.679993,115.150002,63.000000,90.000000
418.679993,115.150002,63.000000,90.000000
418.679993,115.150002,63.000000,90.000000
418.679993,115.150002,63.000000,90.000000
414.630005,115.150002,63.000000,90.000000
414.630005,115.150002,63.000000,90.000000
418.679993,115.150002,63.000000,90.000000
419.179993,120.110001,62.000000,88.000000
419.179993,120.110001,62.000000,88.000000
419.179993,120.110001,62.000000,88.000000
419.179993,124.070000,62.000000,88.000000
418.679993,123.070000,63.000000,90.000000
417.679993,122.570000,65.000000,91.000000
417.679993,122.570000,65.000000,91.000000
417.679993,118.419998,65.000000,91.000000
423.140015,121.900002,62.000000,88.000000
422.640015,120.900002,63.000000,90.000000
421.640015,120.400002,65.000000,91.000000
421.640015,116.260002,65.000000,91.000000
422.640015,116.760002,63.000000,90.000000
422.640015,116.760002,63.000000,90.000000
421.640015,116.260002,65.000000,91.000000
421.640015,116.260002,65.000000,91.000000
421.640015,116.260002,65.000000,91.000000
416.459991,116.260002,65.000000,91.000000
412.309998,112.110001,65.000000,91.000000
412.309998,112.110001,65.000000,91.000000
412.309998,112.110001,65.000000,91.000000
412.309998,112.110001,65.000000,91.000000
412.309998,107.970001,65.000000,91.000000
412.309998,107.970001,65.000000,91.000000
412.309998,107.970001,65.000000,91.000000
416.459991,107.970001,65.000000,91.000000
416.459991,107.970001,65.000000,91.000000
416.459991,107.970001,65.000000,91.000000
416.459991,107.970001,65.000000,91.000000
416.459991,107.970001,65.000000,91.000000
420.600006,107.970001,65.000000,91.000000
420.100006,106.970001,66.000000,93.000000
420.100006,106.970001,66.000000,93.000000
420.100006,106.970001,66.000000,93.000000
420.100006,106.970001,66.000000,93.000000
420.100006,106.970001,66.000000,93.000000
420.100006,102.730003,66.000000,93.000000
420.100006,102.730003,66.000000,93.000000
420.100006,102.730003,66.000000,93.000000
421.160004,102.730003,66.000000,93.000000
425.399994,106.970001,66.000000,93.000000
429.640015,106.970001,66.000000,93.000000
429.640015,110.139999,66.000000,93.000000
431.279999,109.139999,67.000000,95.000000
433.559998,108.139999,69.000000,97.000000
433.559998,108.139999,69.000000,97.000000
437.950012,108.139999,69.000000,97.000000
437.950012,108.139999,69.000000,97.000000
437.950012,108.139999,69.000000,97.000000
437.950012,108.139999,69.000000,97.000000
440.140015,109.239998,69.000000,97.000000
440.140015,109.239998,69.000000,97.000000
440.140015,113.620003,69.000000,97.000000
440.140015,113.620003,69.000000,97.000000
440.140015,113.620003,69.000000,97.000000
440.140015,113.620003,69.000000,97.000000
440.140015,111.430000,69.000000,97.000000
439.640015,110.430000,70.000000,99.000000
439.640015,110.430000,70.000000,99.000000
439.640015,105.959999,70.000000,99.000000
439.640015,105.959999,70.000000,99.000000
444.119995,105.959999,70.000000,99.000000
444.119995,101.480003,70.000000,99.000000
444.119995,101.480003,70.000000,99.000000
444.119995,101.480003,70.000000,99.000000
447.480011,101.480003,70.000000,99.000000
447.480011,101.480003,70.000000,99.000000
447.480011,101.480003,70.000000,99.000000
447.480011,101.480003,70.000000,99.000000
447.480011,101.480003,70.000000,99.000000
447.480011,101.480003,70.000000,99.000000
447.480011,101.480003,70.000000,99.000000
447.480011,101.480003,70.000000,99.000000
446.980011,100.480003,71.000000,101.000000
446.980011,100.480003,71.000000,101.000000
446.980011,100.480003,71.000000,101.000000
446.980011,100.480003,71.000000,101.000000
446.980011,100.480003,71.000000,101.000000
446.980011,100.480003,71.000000,101.000000
446.980011,100.480003,71.000000,101.000000
446.980011,100.480003,71.000000,101.000000
446.980011,100.480003,71.000000,101.000000
446.980011,100.480003,71.000000,101.000000
446.980011,100.480003,71.000000,101.000000
451.540009,100.480003,71.000000,101.000000
451.540009,101.620003,71.000000,101.000000
451.540009,101.620003,71.000000,101.000000
451.540009,101.620003,71.000000,101.000000
451.540009,101.620003,71.000000,101.000000
451.540009,101.620003,71.000000,101.000000
451.540009,101.620003,71.000000,101.000000
451.540009,101.620003,71.000000,101.000000
451.540009,103.910004,71.000000,101.000000
451.540009,103.910004,71.000000,101.000000
451.540009,103.910004,71.000000,101.000000
451.540009,103.910004,71.000000,101.000000
452.040009,104.910004,70.000000,99.000000
452.040009,104.910004,70.000000,99.000000
452.040009,104.910004,70.000000,99.000000
452.040009,104.910004,70.000000,99.000000
452.040009,104.910004,70.000000,99.000000
452.040009,104.910004,70.000000,99.000000
452.040009,104.910004,70.000000,99.000000
452.040009,104.910004,70.000000,99.000000
456.519989,104.910004,70.000000,99.000000
456.519989,104.910004,70.000000,99.000000
456.519989,104.910004,70.000000,99.000000
456.519989,104.910004,70.000000,99.000000
456.519989,104.910004,70.000000,99.000000
456.519989,104.910004,70.000000,99.000000
456.519989,104.910004,70.000000,99.000000
456.519989,104.910004,70.000000,99.000000
456.519989,104.910004,70.000000,99.000000
456.519989,104.910004,70.000000,99.000000
456.519989,104.910004,70.000000,99.000000
456.519989,104.910004,70.000000,99.000000
456.519989,104.910004,70.000000,99.000000
456.519989,104.910004,70.000000,99.000000
461.000000,104.910004,70.000000,99.000000
461.000000,104.910004,70.000000,99.000000
461.500000,105.910004,69.000000,97.000000
461.500000,105.910004,69.000000,97.000000
461.500000,105.910004,69.000000,97.000000
465.880005,105.910004,69.000000,97.000000
464.790009,105.910004,69.000000,97.000000
464.790009,105.910004,69.000000,97.000000
465.790009,106.910004,67.000000,95.000000
465.790009,105.839996,67.000000,95.000000
465.790009,105.839996,67.000000,95.000000
465.790009,105.839996,67.000000,95.000000
465.790009,105.839996,67.000000,95.000000
461.510010,105.839996,67.000000,95.000000
461.510010,105.839996,67.000000,95.000000
461.510010,105.839996,67.000000,95.000000
461.510010,105.839996,67.000000,95.000000
461.510010,105.839996,67.000000,95.000000
461.510010,105.839996,67.000000,95.000000
461.510010,105.839996,67.000000,95.000000
461.510010,105.839996,67.000000,95.000000
461.510010,105.839996,67.000000,95.000000
461.510010,105.839996,67.000000,95.000000
464.890015,104.839996,69.000000,97.000000
464.890015,104.839996,69.000000,97.000000
464.890015,104.839996,69.000000,97.000000
464.890015,104.839996,69.000000,97.000000
464.890015,104.839996,69.000000,97.000000
464.890015,104.839996,69.000000,97.000000
464.890015,104.839996,69.000000,97.000000
464.890015,104.839996,69.000000,97.000000
464.890015,104.839996,69.000000,97.000000
465.890015,105.839996,67.000000,95.000000
465.890015,105.839996,67.000000,95.000000
465.890015,105.839996,67.000000,95.000000
461.619995,105.839996,67.000000,95.000000
461.619995,105.839996,67.000000,95.000000
461.619995,105.839996,67.000000,95.000000
461.619995,105.839996,67.000000,95.000000
461.619995,105.839996,67.000000,95.000000
461.619995,105.839996,67.000000,95.000000
461.619995,105.839996,67.000000,95.000000
461.619995,105.839996,67.000000,95.000000
461.619995,105.839996,67.000000,95.000000
461.619995,105.839996,67.000000,95.000000
461.619995,105.839996,67.000000,95.000000
461.619995,105.839996,67.000000,95.000000
461.619995,105.839996,67.000000,95.000000
461.619995,105.839996,67.000000,95.000000
461.619995,105.839996,67.000000,95.000000
461.619995,105.839996,67.000000,95.000000
461.619995,105.839996,67.000000,95.000000
460.549988,105.839996,67.000000,95.000000
460.549988,105.839996,67.000000,95.000000
459.549988,104.839996,69.000000,97.000000
459.549988,104.839996,69.000000,97.000000
455.160004,104.839996,69.000000,97.000000
457.350006,104.839996,69.000000,97.000000
457.350006,104.839996,69.000000,97.000000
456.260010,104.839996,69.000000,97.000000
456.260010,104.839996,69.000000,97.000000
457.350006,104.839996,69.000000,97.000000
457.350006,104.839996,69.000000,97.000000
456.260010,104.839996,69.000000,97.000000
455.160004,104.839996,69.000000,97.000000
452.970001,104.839996,69.000000,97.000000
452.970001,104.839996,69.000000,97.000000
454.070007,104.839996,69.000000,97.000000
453.570007,103.839996,70.000000,99.000000
453.570007,103.839996,70.000000,99.000000
453.570007,103.839996,70.000000,99.000000
453.570007,103.839996,70.000000,99.000000
453.570007,103.839996,70.000000,99.000000
453.570007,103.839996,70.000000,99.000000
453.570007,103.839996,70.000000,99.000000
453.570007,103.839996,70.000000,99.000000
453.570007,103.839996,70.000000,99.000000
453.570007,103.839996,70.000000,99.000000
454.690002,103.839996,70.000000,99.000000
454.690002,103.839996,70.000000,99.000000
454.690002,103.839996,70.000000,99.000000
454.690002,103.839996,70.000000,99.000000
454.690002,103.839996,70.000000,99.000000
454.690002,103.839996,70.000000,99.000000
452.450012,103.839996,70.000000,99.000000
452.450012,103.839996,70.000000,99.000000
451.950012,102.839996,71.000000,101.000000
450.950012,101.839996,73.000000,103.000000
450.950012,101.839996,73.000000,103.000000
448.059998,105.599998,74.000000,105.000000
445.679993,105.599998,74.000000,105.000000
445.679993,105.599998,74.000000,105.000000
445.679993,105.599998,74.000000,105.000000
442.100006,105.599998,74.000000,105.000000
442.100006,105.599998,74.000000,105.000000
438.529999,105.599998,74.000000,105.000000
438.529999,105.599998,74.000000,105.000000
433.760010,105.599998,74.000000,105.000000
433.760010,105.599998,74.000000,105.000000
428.989990,105.599998,74.000000,105.000000
429.489990,101.930000,73.000000,103.000000
424.809998,101.930000,73.000000,103.000000
425.809998,98.360001,71.000000,101.000000
425.809998,98.360001,71.000000,101.000000
425.809998,98.360001,71.000000,101.000000
425.809998,98.360001,71.000000,101.000000
425.809998,98.360001,71.000000,101.000000
425.809998,98.360001,71.000000,101.000000
425.809998,98.360001,71.000000,101.000000
426.950012,98.360001,71.000000,101.000000
426.950012,98.360001,71.000000,101.000000
426.950012,98.360001,71.000000,101.000000
426.950012,98.360001,71.000000,101.000000
428.100006,98.360001,71.000000,101.000000
428.100006,98.360001,71.000000,101.000000
429.239990,98.360001,71.000000,101.000000
429.239990,98.360001,71.000000,101.000000
429.239990,98.360001,71.000000,101.000000
429.239990,98.360001,71.000000,101.000000
429.239990,98.360001,71.000000,101.000000
429.239990,98.360001,71.000000,101.000000
428.100006,98.360001,71.000000,101.000000
428.100006,98.360001,71.000000,101.000000
428.100006,98.360001,71.000000,101.000000
428.100006,98.360001,71.000000,101.000000
428.100006,98.360001,71.000000,101.000000
428.100006,98.360001,71.000000,101.000000
426.950012,98.360001,71.000000,101.000000
426.950012,98.360001,71.000000,101.000000
426.950012,94.930000,71.000000,101.000000
424.670013,94.930000,71.000000,101.000000
424.670013,94.930000,71.000000,101.000000
424.670013,94.930000,71.000000,101.000000
421.239990,94.930000,71.000000,101.000000
419.070007,98.610001,73.000000,103.000000
414.399994,98.610001,73.000000,103.000000
413.899994,97.610001,74.000000,105.000000
413.899994,97.610001,74.000000,105.000000
409.130005,97.610001,74.000000,105.000000
409.130005,97.610001,74.000000,105.000000
409.130005,97.610001,74.000000,105.000000
404.359985,102.379997,74.000000,105.000000
404.359985,102.379997,74.000000,105.000000
404.359985,102.379997,74.000000,105.000000
404.359985,102.379997,74.000000,105.000000
400.779999,102.379997,74.000000,105.000000
400.779999,102.379997,74.000000,105.000000
400.779999,102.379997,74.000000,105.000000
396.010010,107.150002,74.000000,105.000000
396.010010,107.150002,74.000000,105.000000
396.010010,107.150002,74.000000,105.000000
396.010010,107.150002,74.000000,105.000000
396.010010,102.379997,74.000000,105.000000
396.010010,102.379997,74.000000,105.000000
396.010010,96.419998,74.000000,105.000000
395.010010,95.419998,76.000000,107.000000
395.010010,90.540001,76.000000,107.000000
395.010010,90.540001,76.000000,107.000000
395.010010,88.099998,76.000000,107.000000
395.010010,88.099998,76.000000,107.000000
395.010010,88.099998,76.000000,107.000000
395.010010,88.099998,76.000000,107.000000
399.890015,88.099998,76.000000,107.000000
401.109985,88.099998,76.000000,107.000000
