1
325.480011,33.340000,39.000000,43.000000
335.200012,23.620001,39.000000,43.000000
337.359985,14.450000,39.000000,43.000000
340.410004,12.880000,37.000000,41.000000
342.980011,12.880000,37.000000,41.000000
347.600006,19.549999,37.000000,41.000000
352.209991,26.740000,37.000000,41.000000
359.299988,38.380001,36.000000,40.000000
365.880005,45.470001,36.000000,40.000000
368.420013,54.080002,36.000000,40.000000
370.950012,60.660000,36.000000,40.000000
368.420013,60.660000,36.000000,40.000000
360.730011,57.599998,37.000000,41.000000
355.410004,45.950001,35.000000,39.000000
346.649994,39.630001,35.000000,39.000000
342.299988,38.189999,35.000000,38.000000
332.079987,28.940001,35.000000,39.000000
325.760010,24.559999,35.000000,39.000000
321.869995,15.800000,35.000000,39.000000
321.869995,15.800000,35.000000,39.000000
321.869995,19.690001,35.000000,39.000000
319.920013,21.639999,35.000000,39.000000
324.299988,24.070000,35.000000,39.000000
328.679993,30.879999,35.000000,39.000000
333.059998,30.879999,35.000000,39.000000
335.470001,33.310001,35.000000,38.000000
337.410004,30.900000,35.000000,38.000000
337.910004,27.110001,34.000000,37.000000
340.290009,24.730000,34.000000,37.000000
348.390015,22.820000,34.000000,37.000000
352.239990,24.250000,35.000000,38.000000
370.250000,33.029999,33.000000,37.000000
380.649994,46.180000,32.000000,35.000000
397.299988,62.820000,32.000000,35.000000
399.519989,61.599998,31.000000,34.000000
2
0
0
0
0
1
387.940002,103.739998,49.000000,47.000000
384.720001,90.599998,48.000000,46.000000
372.700012,76.019997,49.000000,47.000000
363.029999,50.360001,51.000000,49.000000
348.369995,35.689999,51.000000,49.000000
326.369995,21.020000,51.000000,49.000000
308.359985,17.160000,52.000000,50.000000
303.540009,20.740000,50.000000,48.000000
298.920013,24.440001,49.000000,47.000000
293.170013,18.680000,49.000000,47.000000
302.140015,19.680000,47.000000,45.000000
304.119995,22.280001,48.000000,46.000000
309.859985,20.910000,46.000000,44.000000
309.359985,17.959999,47.000000,45.000000
307.859985,30.680000,50.000000,48.000000
304.630005,22.280001,50.000000,48.000000
298.799988,19.110001,51.000000,49.000000
294.260010,15.920000,52.000000,50.000000
293.260010,12.120000,54.000000,52.000000
289.760010,6.520000,54.000000,52.000000
302.220001,2.420000,55.000000,53.000000
318.059998,-6.940000,55.000000,53.000000
321.190002,-7.440000,56.000000,54.000000
327.410004,1.770000,57.000000,55.000000
320.690002,4.750000,57.000000,55.000000
319.690002,18.110001,59.000000,56.000000
320.739990,17.610001,60.000000,57.000000
313.750000,27.709999,60.000000,57.000000
315.640015,2.510000,61.000000,58.000000
309.149994,-0.090000,60.000000,57.000000
303.489990,3.490000,59.000000,56.000000
307.480011,0.250000,57.000000,55.000000
297.809998,4.390000,56.000000,54.000000
286.859985,31.510000,57.000000,55.000000
287.399994,59.500000,59.000000,56.000000
276.040009,44.160000,61.000000,58.000000
2
0
0
0
0
1
282.279999,137.570007,76.000000,80.000000
271.679993,160.039993,78.000000,82.000000
272.679993,153.759995,76.000000,80.000000
263.320007,149.600006,76.000000,80.000000
248.460007,131.529999,78.000000,82.000000
236.350006,99.830002,82.000000,87.000000
230.759995,89.010002,84.000000,88.000000
188.339996,46.590000,84.000000,88.000000
198.660004,89.010002,84.000000,88.000000
168.850006,46.590000,84.000000,88.000000
161.360001,27.830000,87.000000,92.000000
157.169998,7.710000,86.000000,90.000000
151.880005,17.480000,87.000000,92.000000
153.380005,19.480000,84.000000,88.000000
174.020004,24.070000,84.000000,88.000000
175.020004,9.970000,82.000000,87.000000
