1
1102.459961,605.039978,46.000000,65.000000
1097.750000,607.039978,43.000000,61.000000
1072.189941,613.250000,43.000000,61.000000
1065.969971,613.250000,43.000000,61.000000
2
0
0
0
0
1
893.849976,606.210022,60.000000,44.000000
880.780029,602.219971,61.000000,45.000000
870.950012,595.969971,62.000000,46.000000
845.619995,581.820007,61.000000,45.000000
830.270020,569.950012,61.000000,45.000000
821.780029,567.679993,60.000000,44.000000
803.299988,565.320007,57.000000,41.000000
806.530029,567.900024,57.000000,41.000000
810.900024,564.210022,59.000000,43.000000
788.260010,559.020020,61.000000,45.000000
799.359985,555.799988,64.000000,47.000000
800.359985,549.840027,62.000000,46.000000
795.830017,557.059998,60.000000,44.000000
791.239990,562.520020,62.000000,46.000000
799.460022,558.530029,65.000000,48.000000
799.460022,568.250000,65.000000,48.000000
818.179993,560.250000,68.000000,50.000000
823.260010,562.940002,69.000000,51.000000
833.869995,553.330017,68.000000,50.000000
833.369995,556.020020,69.000000,51.000000
833.869995,556.520020,68.000000,50.000000
2
0
0
0
0
1
762.830017,491.230011,42.000000,29.000000
748.109985,489.329987,42.000000,29.000000
733.400024,476.989990,42.000000,29.000000
722.950012,472.709991,42.000000,29.000000
702.789978,465.160004,45.000000,31.000000
686.440002,462.100006,46.000000,32.000000
667.530029,460.059998,46.000000,32.000000
2
0
0
0
0
1
480.190002,438.660004,39.000000,32.000000
468.829987,447.369995,38.000000,31.000000
2
0
0
0
0
1
2
0
0
0
