1
236.009995,161.789993,34.000000,67.000000
236.509995,164.899994,33.000000,66.000000
231.429993,165.899994,33.000000,64.000000
234.039993,170.139999,33.000000,66.000000
234.039993,175.369995,33.000000,66.000000
231.500000,184.619995,33.000000,64.000000
220.710007,189.699997,33.000000,64.000000
229.000000,205.300003,31.000000,62.000000
241.710007,223.339996,31.000000,61.000000
261.420013,246.460007,30.000000,59.000000
256.079987,262.399994,31.000000,61.000000
248.089996,285.029999,33.000000,64.000000
236.929993,290.899994,31.000000,62.000000
213.830002,310.959991,31.000000,62.000000
196.889999,296.329987,31.000000,61.000000
173.889999,289.070007,31.000000,61.000000
155.800003,278.019989,32.000000,63.000000
144.179993,276.519989,33.000000,66.000000
141.639999,287.679993,33.000000,64.000000
134.600006,273.100006,32.000000,63.000000
2
0
0
0
0
1
141.130005,252.410004,37.000000,34.000000
2
0
0
0
0
1
263.269989,279.619995,41.000000,38.000000
279.700012,284.390015,41.000000,38.000000
283.709991,286.170013,43.000000,40.000000
300.839996,289.350006,42.000000,39.000000
320.420013,297.799988,41.000000,38.000000
339.489990,300.450012,41.000000,38.000000
351.149994,309.989990,41.000000,38.000000
350.649994,312.170013,42.000000,39.000000
345.140015,314.459991,43.000000,40.000000
365.179993,324.480011,43.000000,40.000000
374.799988,329.799988,42.000000,39.000000
383.940002,338.380005,44.000000,41.000000
379.989990,329.119995,46.000000,43.000000
392.549988,333.670013,48.000000,45.000000
411.670013,341.690002,48.000000,45.000000
427.299988,344.380005,50.000000,46.000000
438.440002,346.470001,51.000000,47.000000
452.250000,362.970001,53.000000,49.000000
454.519989,365.250000,54.000000,50.000000
433.040009,371.489990,54.000000,50.000000
411.549988,345.839996,54.000000,50.000000
396.989990,320.190002,54.000000,50.000000
374.790009,294.489990,55.000000,51.000000
369.049988,285.980011,54.000000,50.000000
350.510010,281.660004,51.000000,47.000000
334.779999,274.600006,49.000000,45.000000
316.869995,272.660004,47.000000,44.000000
300.339996,267.230011,48.000000,45.000000
295.350006,257.359985,47.000000,44.000000
277.559998,249.600006,46.000000,43.000000
255.729996,234.270004,46.000000,43.000000
242.750000,221.289993,46.000000,43.000000
229.779999,213.619995,46.000000,43.000000
213.850006,205.949997,46.000000,43.000000
195.559998,205.949997,46.000000,43.000000
177.979996,193.619995,45.000000,42.000000
156.399994,188.369995,45.000000,42.000000
138.199997,167.220001,46.000000,43.000000
132.210007,153.309998,47.000000,44.000000
120.620003,147.259995,48.000000,45.000000
112.599998,155.270004,48.000000,45.000000
123.260002,172.009995,49.000000,45.000000
123.260002,188.119995,49.000000,45.000000
125.959999,196.580002,50.000000,46.000000
126.459999,180.350006,49.000000,45.000000
132.039993,182.830002,49.000000,45.000000
137.610001,198.940002,49.000000,45.000000
139.669998,218.279999,50.000000,46.000000
153.399994,232.000000,51.000000,47.000000
173.559998,240.169998,52.000000,48.000000
185.559998,234.169998,52.000000,48.000000
203.550003,234.169998,52.000000,48.000000
2
0
0
0
0
1
144.500000,64.010002,49.000000,69.000000
150.440002,68.620003,52.000000,73.000000
156.740005,67.620003,53.000000,75.000000
157.740005,72.400002,51.000000,72.000000
157.740005,72.400002,51.000000,72.000000
169.410004,73.400002,50.000000,70.000000
190.130005,77.389999,50.000000,70.000000
194.119995,70.209999,50.000000,70.000000
190.729996,64.500000,49.000000,69.000000
182.350006,59.720001,51.000000,72.000000
174.970001,63.000000,51.000000,72.000000
173.869995,60.810001,50.000000,70.000000
153.389999,68.300003,49.000000,69.000000
135.630005,73.269997,46.000000,65.000000
127.570000,83.830002,44.000000,62.000000
124.080002,90.110001,44.000000,62.000000
114.209999,102.080002,45.000000,64.000000
107.050003,111.209999,46.000000,65.000000
100.379997,111.209999,46.000000,65.000000
98.160004,111.209999,46.000000,65.000000
100.650002,127.150002,47.000000,66.000000
99.650002,131.869995,49.000000,69.000000
102.339996,135.350006,50.000000,70.000000
109.220001,131.070007,51.000000,72.000000
116.160004,119.820000,52.000000,73.000000
112.860001,112.370003,52.000000,73.000000
105.410004,109.070000,52.000000,73.000000
102.099998,95.010002,52.000000,73.000000
