1
135.000000,27.500000,42.000000,125.000000
135.000000,27.500000,42.000000,125.000000
134.500000,26.000000,43.000000,128.000000
134.500000,26.000000,43.000000,128.000000
130.460007,26.000000,43.000000,128.000000
130.960007,27.500000,42.000000,125.000000
130.960007,27.500000,42.000000,125.000000
130.960007,27.500000,42.000000,125.000000
129.960007,29.059999,44.000000,130.000000
129.960007,29.059999,44.000000,130.000000
130.460007,30.059999,43.000000,128.000000
130.960007,31.559999,42.000000,125.000000
130.960007,31.559999,42.000000,125.000000
126.949997,31.559999,42.000000,125.000000
126.949997,31.559999,42.000000,125.000000
126.949997,31.559999,42.000000,125.000000
126.949997,31.559999,42.000000,125.000000
126.949997,31.559999,42.000000,125.000000
126.949997,31.559999,42.000000,125.000000
126.949997,31.559999,42.000000,125.000000
126.949997,31.559999,42.000000,125.000000
130.500000,30.059999,43.000000,128.000000
130.500000,30.059999,43.000000,128.000000
130.500000,30.059999,43.000000,128.000000
131.000000,31.559999,42.000000,125.000000
131.000000,31.559999,42.000000,125.000000
130.500000,30.059999,43.000000,128.000000
130.500000,30.059999,43.000000,128.000000
130.500000,30.059999,43.000000,128.000000
131.000000,31.559999,42.000000,125.000000
131.000000,31.559999,42.000000,125.000000
131.000000,31.559999,42.000000,125.000000
131.000000,31.559999,42.000000,125.000000
131.000000,35.560001,42.000000,125.000000
130.000000,33.060001,44.000000,130.000000
130.000000,33.060001,44.000000,130.000000
130.500000,34.060001,43.000000,128.000000
131.000000,35.560001,42.000000,125.000000
131.000000,35.560001,42.000000,125.000000
128.470001,34.060001,43.000000,128.000000
128.470001,34.060001,43.000000,128.000000
128.470001,34.060001,43.000000,128.000000
128.470001,34.060001,43.000000,128.000000
128.470001,34.060001,43.000000,128.000000
128.470001,34.060001,43.000000,128.000000
128.970001,35.560001,42.000000,125.000000
128.970001,35.560001,42.000000,125.000000
128.970001,35.560001,42.000000,125.000000
128.970001,35.560001,42.000000,125.000000
129.470001,36.560001,41.000000,123.000000
129.470001,36.560001,41.000000,123.000000
129.470001,36.560001,41.000000,123.000000
128.970001,35.560001,42.000000,125.000000
128.970001,35.560001,42.000000,125.000000
128.970001,35.560001,42.000000,125.000000
128.970001,35.560001,42.000000,125.000000
128.970001,35.560001,42.000000,125.000000
128.970001,35.560001,42.000000,125.000000
128.970001,35.560001,42.000000,125.000000
128.970001,35.560001,42.000000,125.000000
128.970001,35.560001,42.000000,125.000000
128.970001,35.560001,42.000000,125.000000
128.970001,35.560001,42.000000,125.000000
132.979996,35.560001,42.000000,125.000000
132.979996,35.560001,42.000000,125.000000
132.979996,35.560001,42.000000,125.000000
132.979996,35.560001,42.000000,125.000000
132.979996,35.560001,42.000000,125.000000
132.979996,35.560001,42.000000,125.000000
132.979996,35.560001,42.000000,125.000000
132.979996,35.560001,42.000000,125.000000
132.979996,39.570000,42.000000,125.000000
133.479996,40.570000,41.000000,123.000000
129.520004,40.570000,41.000000,123.000000
129.520004,40.570000,41.000000,123.000000
125.570000,40.570000,41.000000,123.000000
121.610001,40.570000,41.000000,123.000000
117.099998,35.560001,42.000000,125.000000
109.089996,31.559999,42.000000,125.000000
105.089996,31.559999,42.000000,125.000000
101.089996,27.549999,42.000000,125.000000
97.080002,27.549999,42.000000,125.000000
93.620003,24.590000,41.000000,123.000000
93.620003,20.639999,41.000000,123.000000
89.120003,40.660000,42.000000,125.000000
89.120003,44.669998,42.000000,125.000000
89.120003,44.669998,42.000000,125.000000
92.660004,43.169998,43.000000,128.000000
92.160004,42.169998,44.000000,130.000000
95.769997,7.750000,45.000000,133.000000
95.769997,7.750000,45.000000,133.000000
96.269997,9.250000,44.000000,130.000000
96.769997,10.250000,43.000000,128.000000
97.269997,7.750000,42.000000,125.000000
92.730003,10.290000,43.000000,128.000000
125.269997,35.820000,42.000000,125.000000
125.269997,27.809999,42.000000,125.000000
123.269997,27.809999,42.000000,125.000000
119.260002,35.820000,42.000000,125.000000
120.260002,38.320000,40.000000,120.000000
124.129997,39.320000,40.000000,118.000000
125.129997,41.820000,38.000000,113.000000
125.129997,41.820000,38.000000,113.000000
125.129997,41.820000,38.000000,113.000000
125.629997,42.820000,37.000000,111.000000
125.629997,46.580002,37.000000,111.000000
125.129997,45.580002,38.000000,113.000000
125.129997,53.189999,38.000000,113.000000
125.129997,53.189999,38.000000,113.000000
128.940002,53.189999,38.000000,113.000000
128.940002,53.189999,38.000000,113.000000
132.750000,53.189999,38.000000,113.000000
139.899994,50.279999,39.000000,115.000000
136.070007,50.279999,39.000000,115.000000
131.710007,44.919998,40.000000,118.000000
131.710007,44.919998,40.000000,118.000000
131.710007,44.919998,40.000000,118.000000
131.710007,44.919998,40.000000,118.000000
131.710007,44.919998,40.000000,118.000000
131.710007,43.919998,40.000000,120.000000
131.210007,46.369999,41.000000,123.000000
131.210007,46.369999,41.000000,123.000000
135.169998,46.369999,41.000000,123.000000
135.169998,46.369999,41.000000,123.000000
139.119995,46.369999,41.000000,123.000000
139.119995,46.369999,41.000000,123.000000
135.169998,46.369999,41.000000,123.000000
135.169998,46.369999,41.000000,123.000000
131.210007,46.369999,41.000000,123.000000
131.710007,47.869999,40.000000,120.000000
131.710007,47.869999,40.000000,120.000000
131.710007,62.490002,40.000000,120.000000
135.610001,70.279999,40.000000,120.000000
135.610001,70.279999,40.000000,120.000000
135.610001,70.279999,40.000000,120.000000
127.809998,70.279999,40.000000,120.000000
127.809998,70.279999,40.000000,120.000000
120.019997,66.389999,40.000000,120.000000
120.019997,61.509998,40.000000,120.000000
127.809998,61.509998,40.000000,120.000000
131.710007,57.619999,40.000000,120.000000
135.570007,47.020000,40.000000,118.000000
135.570007,43.160000,40.000000,118.000000
139.440002,35.430000,40.000000,118.000000
151.029999,35.430000,40.000000,118.000000
151.029999,39.290001,40.000000,118.000000
151.029999,43.160000,40.000000,118.000000
152.970001,47.020000,40.000000,118.000000
152.970001,48.950001,40.000000,118.000000
149.100006,45.090000,40.000000,118.000000
160.690002,45.090000,40.000000,118.000000
168.850006,50.419998,39.000000,115.000000
168.850006,54.240002,39.000000,115.000000
168.850006,50.419998,39.000000,115.000000
168.850006,54.240002,39.000000,115.000000
156.750000,88.489998,40.000000,118.000000
152.850006,83.589996,40.000000,120.000000
148.960007,75.800003,40.000000,120.000000
141.160004,63.130001,40.000000,120.000000
128.789993,57.680000,41.000000,123.000000
125.400002,48.459999,40.000000,120.000000
113.699997,44.560001,40.000000,120.000000
113.699997,40.730000,40.000000,118.000000
109.839996,36.860001,40.000000,118.000000
120.860001,38.360001,39.000000,115.000000
125.169998,35.560001,38.000000,113.000000
125.169998,33.650002,38.000000,113.000000
130.369995,23.370001,37.000000,111.000000
141.539993,20.650000,37.000000,109.000000
138.330002,21.650000,36.000000,107.000000
145.750000,21.650000,36.000000,107.000000
149.860001,22.650000,35.000000,105.000000
150.360001,23.650000,34.000000,103.000000
153.869995,24.650000,34.000000,101.000000
157.369995,24.650000,34.000000,101.000000
157.369995,21.150000,34.000000,101.000000
151.050003,20.440001,33.000000,99.000000
154.460007,20.440001,33.000000,99.000000
160.419998,20.440001,33.000000,99.000000
170.429993,15.940000,34.000000,101.000000
167.520004,16.940001,33.000000,99.000000
167.020004,15.940000,34.000000,101.000000
163.500000,11.420000,34.000000,103.000000
164.000000,13.420000,33.000000,99.000000
167.399994,13.420000,33.000000,99.000000
167.399994,10.010000,33.000000,99.000000
167.899994,11.010000,32.000000,97.000000
170.809998,10.010000,33.000000,99.000000
170.809998,10.010000,33.000000,99.000000
163.309998,5.510000,34.000000,101.000000
163.809998,6.510000,33.000000,99.000000
163.809998,3.960000,33.000000,99.000000
167.630005,4.960000,32.000000,97.000000
167.630005,4.960000,32.000000,97.000000
167.630005,4.960000,32.000000,97.000000
170.940002,4.960000,32.000000,97.000000
170.940002,4.960000,32.000000,97.000000
170.940002,4.960000,32.000000,97.000000
170.940002,4.960000,32.000000,97.000000
170.940002,4.960000,32.000000,97.000000
170.110001,4.960000,32.000000,97.000000
166.820007,5.960000,32.000000,95.000000
166.820007,5.960000,32.000000,95.000000
164.119995,6.960000,31.000000,93.000000
160.990005,7.960000,31.000000,91.000000
160.990005,7.960000,31.000000,91.000000
