1
64.500000,64.500000,71.000000,271.000000
72.260002,64.500000,71.000000,271.000000
72.260002,64.500000,71.000000,271.000000
80.449997,67.000000,70.000000,266.000000
80.449997,67.000000,70.000000,266.000000
80.449997,67.000000,70.000000,266.000000
89.050003,70.000000,68.000000,260.000000
89.050003,70.000000,68.000000,260.000000
89.050003,70.000000,68.000000,260.000000
97.080002,72.500000,67.000000,255.000000
97.080002,72.500000,67.000000,255.000000
105.050003,75.000000,66.000000,250.000000
105.050003,75.000000,66.000000,250.000000
106.910004,75.000000,66.000000,250.000000
114.379997,75.000000,66.000000,250.000000
114.379997,75.000000,66.000000,250.000000
114.379997,75.000000,66.000000,250.000000
122.750000,77.500000,64.000000,245.000000
122.750000,77.500000,64.000000,245.000000
122.750000,77.500000,64.000000,245.000000
130.130005,77.500000,64.000000,245.000000
130.130005,77.500000,64.000000,245.000000
137.509995,77.500000,64.000000,245.000000
137.509995,77.500000,64.000000,245.000000
138.009995,79.500000,63.000000,241.000000
145.330002,79.500000,63.000000,241.000000
145.330002,79.500000,63.000000,241.000000
145.330002,79.500000,63.000000,241.000000
153.059998,82.000000,62.000000,236.000000
153.059998,82.000000,62.000000,236.000000
153.059998,82.000000,62.000000,236.000000
153.559998,84.500000,61.000000,231.000000
160.750000,84.500000,61.000000,231.000000
160.750000,77.309998,61.000000,231.000000
161.750000,79.309998,59.000000,227.000000
168.830002,79.309998,59.000000,227.000000
168.830002,79.309998,59.000000,227.000000
176.350006,81.809998,58.000000,222.000000
176.350006,81.809998,58.000000,222.000000
176.350006,81.809998,58.000000,222.000000
183.820007,83.809998,57.000000,218.000000
183.820007,83.809998,57.000000,218.000000
183.820007,83.809998,57.000000,218.000000
183.820007,83.809998,57.000000,218.000000
191.179993,85.809998,56.000000,214.000000
191.179993,85.809998,56.000000,214.000000
191.179993,85.809998,56.000000,214.000000
191.179993,85.809998,56.000000,214.000000
198.029999,85.809998,56.000000,214.000000
198.029999,85.809998,56.000000,214.000000
198.529999,88.309998,55.000000,209.000000
198.529999,88.309998,55.000000,209.000000
205.270004,88.309998,55.000000,209.000000
205.270004,88.309998,55.000000,209.000000
204.770004,85.809998,56.000000,214.000000
212.000000,88.309998,55.000000,209.000000
211.500000,85.809998,56.000000,214.000000
211.500000,78.949997,56.000000,214.000000
211.500000,78.949997,56.000000,214.000000
218.740005,81.449997,55.000000,209.000000
218.740005,81.449997,55.000000,209.000000
218.740005,81.449997,55.000000,209.000000
218.740005,81.449997,55.000000,209.000000
225.860001,83.449997,54.000000,205.000000
225.860001,83.449997,54.000000,205.000000
225.860001,83.449997,54.000000,205.000000
225.860001,83.449997,54.000000,205.000000
225.860001,83.449997,54.000000,205.000000
232.809998,85.449997,53.000000,201.000000
232.809998,85.449997,53.000000,201.000000
232.809998,85.449997,53.000000,201.000000
232.809998,85.449997,53.000000,201.000000
232.809998,85.449997,53.000000,201.000000
239.649994,87.449997,52.000000,197.000000
239.649994,87.449997,52.000000,197.000000
240.149994,88.949997,51.000000,194.000000
240.149994,88.949997,51.000000,194.000000
240.649994,90.949997,50.000000,190.000000
246.770004,90.949997,50.000000,190.000000
246.770004,90.949997,50.000000,190.000000
246.770004,90.949997,50.000000,190.000000
246.770004,90.949997,50.000000,190.000000
246.770004,90.949997,50.000000,190.000000
252.889999,90.949997,50.000000,190.000000
252.889999,90.949997,50.000000,190.000000
252.889999,90.949997,50.000000,190.000000
252.889999,90.949997,50.000000,190.000000
252.889999,90.949997,50.000000,190.000000
252.889999,90.949997,50.000000,190.000000
259.010010,90.949997,50.000000,190.000000
259.010010,90.949997,50.000000,190.000000
259.010010,90.949997,50.000000,190.000000
259.010010,90.949997,50.000000,190.000000
259.010010,90.949997,50.000000,190.000000
259.010010,90.949997,50.000000,190.000000
265.519989,92.949997,49.000000,186.000000
265.519989,91.449997,49.000000,186.000000
265.519989,91.449997,49.000000,186.000000
266.019989,93.449997,48.000000,182.000000
266.019989,93.449997,48.000000,182.000000
271.859985,93.449997,48.000000,182.000000
271.859985,93.449997,48.000000,182.000000
271.859985,93.449997,48.000000,182.000000
271.859985,93.449997,48.000000,182.000000
273.790009,94.949997,47.000000,179.000000
273.790009,94.949997,47.000000,179.000000
275.230011,94.949997,47.000000,179.000000
280.959991,94.949997,47.000000,179.000000
280.959991,94.949997,47.000000,179.000000
280.959991,94.949997,47.000000,179.000000
280.959991,94.949997,47.000000,179.000000
281.459991,96.949997,46.000000,175.000000
281.459991,96.949997,46.000000,175.000000
281.459991,96.949997,46.000000,175.000000
281.459991,91.330002,46.000000,175.000000
281.959991,92.830002,45.000000,172.000000
281.959991,92.830002,45.000000,172.000000
287.869995,94.830002,44.000000,168.000000
286.519989,94.830002,44.000000,168.000000
286.519989,94.830002,44.000000,168.000000
286.519989,94.830002,44.000000,168.000000
286.519989,94.830002,44.000000,168.000000
286.519989,94.830002,44.000000,168.000000
286.519989,94.830002,44.000000,168.000000
287.019989,96.330002,43.000000,165.000000
287.019989,96.330002,43.000000,165.000000
287.019989,96.330002,43.000000,165.000000
287.019989,96.330002,43.000000,165.000000
287.019989,91.029999,43.000000,165.000000
287.019989,91.029999,43.000000,165.000000
287.019989,91.029999,43.000000,165.000000
287.019989,91.029999,43.000000,165.000000
287.019989,91.029999,43.000000,165.000000
287.019989,91.029999,43.000000,165.000000
287.019989,91.029999,43.000000,165.000000
292.720001,92.529999,42.000000,162.000000
292.720001,92.529999,42.000000,162.000000
292.720001,92.529999,42.000000,162.000000
292.720001,92.529999,42.000000,162.000000
297.920013,92.529999,42.000000,162.000000
297.920013,92.529999,42.000000,162.000000
297.920013,92.529999,42.000000,162.000000
297.920013,92.529999,42.000000,162.000000
297.920013,94.029999,42.000000,159.000000
303.029999,94.029999,42.000000,159.000000
303.029999,94.029999,42.000000,159.000000
303.029999,94.029999,42.000000,159.000000
303.529999,95.529999,41.000000,156.000000
308.540009,95.529999,41.000000,156.000000
308.540009,95.529999,41.000000,156.000000
308.540009,95.529999,41.000000,156.000000
309.040009,97.029999,40.000000,153.000000
309.040009,97.029999,40.000000,153.000000
313.950012,97.029999,40.000000,153.000000
313.950012,97.029999,40.000000,153.000000
313.950012,97.029999,40.000000,153.000000
313.950012,97.029999,40.000000,153.000000
313.950012,97.029999,40.000000,153.000000
313.950012,97.029999,40.000000,153.000000
314.450012,98.529999,39.000000,150.000000
314.450012,98.529999,39.000000,150.000000
314.450012,98.529999,39.000000,150.000000
319.250000,98.529999,39.000000,150.000000
314.450012,98.529999,39.000000,150.000000
319.649994,100.029999,38.000000,147.000000
319.649994,100.029999,38.000000,147.000000
319.649994,100.029999,38.000000,147.000000
319.649994,100.029999,38.000000,147.000000
319.649994,100.029999,38.000000,147.000000
319.649994,100.029999,38.000000,147.000000
319.649994,100.029999,38.000000,147.000000
319.649994,96.910004,38.000000,144.000000
324.660004,98.410004,37.000000,141.000000
324.660004,98.410004,37.000000,141.000000
324.660004,98.410004,37.000000,141.000000
324.660004,98.410004,37.000000,141.000000
324.660004,98.410004,37.000000,141.000000
325.160004,99.910004,36.000000,138.000000
325.160004,99.910004,36.000000,138.000000
329.570007,99.910004,36.000000,138.000000
329.570007,99.910004,36.000000,138.000000
329.570007,99.910004,36.000000,138.000000
329.570007,99.910004,36.000000,138.000000
329.570007,99.910004,36.000000,138.000000
329.570007,99.910004,36.000000,138.000000
329.570007,99.910004,36.000000,138.000000
329.570007,100.910004,36.000000,136.000000
333.959991,100.910004,36.000000,136.000000
333.959991,100.910004,36.000000,136.000000
333.959991,100.910004,36.000000,136.000000
333.959991,100.910004,36.000000,136.000000
334.459991,102.410004,35.000000,133.000000
334.459991,102.410004,35.000000,133.000000
334.959991,103.910004,34.000000,130.000000
339.140015,103.910004,34.000000,130.000000
339.140015,103.910004,34.000000,130.000000
339.140015,103.910004,34.000000,130.000000
339.140015,103.910004,34.000000,130.000000
339.140015,103.910004,34.000000,130.000000
339.640015,104.910004,33.000000,128.000000
339.640015,104.910004,33.000000,128.000000
339.640015,104.910004,33.000000,128.000000
339.640015,104.910004,33.000000,128.000000
339.640015,106.410004,33.000000,125.000000
339.640015,106.410004,33.000000,125.000000
340.640015,106.410004,33.000000,125.000000
340.640015,106.410004,33.000000,125.000000
340.640015,106.410004,33.000000,125.000000
345.109985,107.410004,32.000000,123.000000
345.109985,107.410004,32.000000,123.000000
345.109985,107.410004,32.000000,123.000000
345.109985,107.410004,32.000000,123.000000
344.609985,106.410004,33.000000,125.000000
344.609985,106.410004,33.000000,125.000000
344.609985,106.410004,33.000000,125.000000
344.609985,106.410004,33.000000,125.000000
344.609985,106.410004,33.000000,125.000000
344.609985,102.410004,33.000000,125.000000
345.109985,103.410004,32.000000,123.000000
345.109985,103.410004,32.000000,123.000000
345.109985,103.410004,32.000000,123.000000
345.109985,103.410004,32.000000,123.000000
345.109985,104.910004,32.000000,120.000000
345.609985,105.910004,31.000000,118.000000
345.609985,105.910004,31.000000,118.000000
346.109985,106.910004,30.000000,116.000000
346.109985,106.910004,30.000000,116.000000
346.109985,106.910004,30.000000,116.000000
349.799988,106.910004,30.000000,116.000000
346.109985,106.910004,30.000000,116.000000
349.769989,108.410004,30.000000,113.000000
346.079987,106.910004,30.000000,116.000000
349.739990,108.410004,30.000000,113.000000
349.739990,108.410004,30.000000,113.000000
349.739990,108.410004,30.000000,113.000000
349.739990,108.410004,30.000000,113.000000
349.739990,108.410004,30.000000,113.000000
349.739990,108.410004,30.000000,113.000000
349.739990,108.410004,30.000000,113.000000
349.739990,108.410004,30.000000,113.000000
349.739990,108.410004,30.000000,113.000000
349.739990,108.410004,30.000000,113.000000
349.739990,108.410004,30.000000,113.000000
350.239990,109.410004,29.000000,111.000000
350.239990,109.410004,29.000000,111.000000
350.239990,109.410004,29.000000,111.000000
350.239990,109.410004,29.000000,111.000000
350.239990,110.410004,29.000000,109.000000
350.239990,110.410004,29.000000,109.000000
350.239990,110.410004,29.000000,109.000000
350.239990,110.410004,29.000000,109.000000
350.239990,110.410004,29.000000,109.000000
350.239990,110.410004,29.000000,109.000000
350.739990,111.410004,28.000000,107.000000
350.739990,111.410004,28.000000,107.000000
350.739990,111.410004,28.000000,107.000000
350.739990,111.410004,28.000000,107.000000
350.739990,111.410004,28.000000,107.000000
350.739990,111.410004,28.000000,107.000000
350.739990,111.410004,28.000000,107.000000
350.739990,111.410004,28.000000,107.000000
351.239990,112.410004,27.000000,105.000000
351.239990,112.410004,27.000000,105.000000
351.239990,112.410004,27.000000,105.000000
351.239990,112.410004,27.000000,105.000000
351.239990,112.410004,27.000000,105.000000
351.239990,113.410004,27.000000,103.000000
351.239990,113.410004,27.000000,103.000000
351.239990,113.410004,27.000000,103.000000
351.239990,113.410004,27.000000,103.000000
351.239990,113.410004,27.000000,103.000000
351.739990,114.410004,26.000000,101.000000
351.739990,114.410004,26.000000,101.000000
351.739990,114.410004,26.000000,101.000000
351.739990,115.410004,26.000000,99.000000
351.739990,115.410004,26.000000,99.000000
351.739990,115.410004,26.000000,99.000000
351.739990,115.410004,26.000000,99.000000
351.739990,112.239998,26.000000,99.000000
351.739990,112.239998,26.000000,99.000000
351.739990,112.239998,26.000000,99.000000
351.739990,112.239998,26.000000,99.000000
352.239990,113.239998,25.000000,97.000000
352.239990,113.239998,25.000000,97.000000
352.239990,114.239998,25.000000,95.000000
352.239990,114.239998,25.000000,95.000000
352.239990,114.239998,25.000000,95.000000
353.010010,114.239998,25.000000,95.000000
353.010010,114.239998,25.000000,95.000000
353.010010,114.239998,25.000000,95.000000
353.010010,114.239998,25.000000,95.000000
353.010010,114.239998,25.000000,95.000000
353.010010,114.239998,25.000000,95.000000
353.510010,115.239998,24.000000,93.000000
353.510010,115.239998,24.000000,93.000000
353.510010,115.239998,24.000000,93.000000
353.510010,115.239998,24.000000,93.000000
353.510010,116.239998,24.000000,91.000000
353.510010,116.239998,24.000000,91.000000
353.510010,116.239998,24.000000,91.000000
353.510010,116.239998,24.000000,91.000000
353.510010,116.239998,24.000000,91.000000
353.510010,116.239998,24.000000,91.000000
354.010010,117.239998,23.000000,89.000000
354.010010,117.239998,23.000000,89.000000
354.010010,117.239998,23.000000,89.000000
354.010010,117.239998,23.000000,89.000000
354.010010,117.239998,23.000000,89.000000
354.010010,117.239998,23.000000,89.000000
354.010010,117.239998,23.000000,89.000000
354.010010,117.239998,23.000000,89.000000
354.010010,117.239998,23.000000,89.000000
354.010010,114.889999,23.000000,88.000000
354.010010,114.889999,23.000000,88.000000
354.010010,114.889999,23.000000,88.000000
354.010010,114.889999,23.000000,88.000000
354.010010,114.889999,23.000000,88.000000
354.010010,114.889999,23.000000,88.000000
354.010010,114.889999,23.000000,88.000000
354.010010,114.889999,23.000000,88.000000
354.010010,114.889999,23.000000,88.000000
354.010010,114.889999,23.000000,88.000000
354.010010,114.889999,23.000000,88.000000
354.010010,114.889999,23.000000,88.000000
354.010010,114.889999,23.000000,88.000000
354.010010,114.889999,23.000000,88.000000
354.010010,114.889999,23.000000,88.000000
354.010010,114.889999,23.000000,88.000000
351.160004,114.889999,23.000000,88.000000
353.929993,115.889999,23.000000,86.000000
351.160004,115.889999,23.000000,86.000000
353.929993,115.889999,23.000000,86.000000
351.160004,115.889999,23.000000,86.000000
351.660004,116.889999,22.000000,84.000000
351.660004,116.889999,22.000000,84.000000
351.660004,117.389999,22.000000,83.000000
351.660004,117.389999,22.000000,83.000000
351.660004,117.389999,22.000000,83.000000
351.660004,117.389999,22.000000,83.000000
352.160004,118.389999,21.000000,81.000000
352.160004,118.389999,21.000000,81.000000
352.160004,118.389999,21.000000,81.000000
352.160004,118.389999,21.000000,81.000000
354.730011,118.389999,21.000000,81.000000
352.160004,118.389999,21.000000,81.000000
354.709991,119.389999,21.000000,79.000000
352.140015,118.389999,21.000000,81.000000
354.690002,119.389999,21.000000,79.000000
352.779999,119.389999,21.000000,79.000000
352.779999,119.389999,21.000000,79.000000
