1
524.989990,55.869999,20.000000,21.000000
524.989990,63.970001,20.000000,21.000000
523.640015,73.959999,20.000000,21.000000
525.859985,83.959999,18.000000,19.000000
520.989990,92.959999,18.000000,19.000000
522.210022,101.970001,18.000000,19.000000
2
0
0
0
0
1
2
0
0
0
0
1
600.520020,242.300003,17.000000,16.000000
2
0
0
0
0
1
625.119995,264.570007,15.000000,14.000000
625.119995,263.049988,15.000000,14.000000
632.150024,270.079987,15.000000,14.000000
632.150024,271.029999,15.000000,14.000000
638.989990,271.029999,15.000000,14.000000
639.750000,270.269989,15.000000,14.000000
639.750000,266.089996,15.000000,14.000000
642.219971,266.089996,15.000000,14.000000
641.270020,266.850006,15.000000,14.000000
643.929993,271.029999,15.000000,14.000000
643.929993,273.500000,15.000000,14.000000
643.929993,276.920013,15.000000,14.000000
648.869995,275.209991,15.000000,14.000000
649.630005,276.730011,15.000000,14.000000
651.340027,275.019989,15.000000,14.000000
