1
385.000000,142.000000,106.000000,92.000000
385.000000,142.000000,106.000000,92.000000
378.440002,135.440002,106.000000,92.000000
379.440002,136.440002,104.000000,90.000000
379.440002,136.440002,104.000000,90.000000
375.399994,127.360001,102.000000,88.000000
376.399994,127.860001,100.000000,87.000000
377.399994,128.860001,98.000000,85.000000
372.510010,122.750000,98.000000,85.000000
373.510010,123.750000,96.000000,83.000000
373.510010,123.750000,96.000000,83.000000
368.730011,114.180000,96.000000,83.000000
369.730011,114.680000,94.000000,82.000000
369.730011,114.680000,94.000000,82.000000
363.859985,109.989998,94.000000,82.000000
363.859985,109.989998,94.000000,82.000000
363.859985,109.989998,94.000000,82.000000
359.170013,105.300003,94.000000,82.000000
360.170013,106.300003,92.000000,80.000000
361.170013,106.800003,90.000000,79.000000
356.679993,101.190002,90.000000,79.000000
356.679993,101.190002,90.000000,79.000000
356.679993,101.190002,90.000000,79.000000
351.070007,96.699997,90.000000,79.000000
352.570007,98.699997,87.000000,75.000000
352.570007,98.699997,87.000000,75.000000
347.209991,94.410004,87.000000,75.000000
347.209991,98.699997,87.000000,75.000000
346.209991,93.300003,89.000000,77.000000
341.839996,94.300003,87.000000,75.000000
343.339996,95.300003,84.000000,73.000000
343.339996,95.300003,84.000000,73.000000
338.130005,90.089996,84.000000,73.000000
338.130005,90.089996,84.000000,73.000000
339.130005,91.089996,82.000000,71.000000
334.049988,87.019997,82.000000,71.000000
334.049988,87.019997,82.000000,71.000000
334.049988,87.019997,82.000000,71.000000
324.910004,82.959999,82.000000,71.000000
325.910004,83.459999,80.000000,70.000000
325.910004,83.459999,80.000000,70.000000
321.929993,79.489998,80.000000,70.000000
322.429993,80.489998,79.000000,68.000000
322.429993,80.489998,79.000000,68.000000
317.519989,76.559998,79.000000,68.000000
318.519989,77.059998,77.000000,67.000000
318.519989,77.059998,77.000000,67.000000
309.890015,77.059998,77.000000,67.000000
310.390015,77.559998,76.000000,66.000000
310.390015,75.680000,76.000000,66.000000
306.820007,76.680000,74.000000,64.000000
307.320007,77.180000,73.000000,63.000000
307.320007,77.180000,73.000000,63.000000
300.070007,73.559998,73.000000,63.000000
300.070007,73.559998,73.000000,63.000000
300.070007,73.559998,73.000000,63.000000
295.540009,73.559998,73.000000,63.000000
295.540009,73.559998,73.000000,63.000000
295.540009,73.559998,73.000000,63.000000
295.540009,73.559998,73.000000,63.000000
295.540009,73.559998,73.000000,63.000000
295.540009,73.559998,73.000000,63.000000
295.540009,73.559998,73.000000,63.000000
295.540009,73.559998,73.000000,63.000000
295.540009,73.559998,73.000000,63.000000
295.540009,73.559998,73.000000,63.000000
295.540009,73.559998,73.000000,63.000000
295.540009,73.559998,73.000000,63.000000
295.540009,73.559998,73.000000,63.000000
295.540009,73.559998,73.000000,63.000000
295.540009,73.559998,73.000000,63.000000
295.540009,73.559998,73.000000,63.000000
295.540009,73.559998,73.000000,63.000000
295.540009,73.559998,73.000000,63.000000
295.540009,73.559998,73.000000,63.000000
295.540009,73.559998,73.000000,63.000000
295.540009,73.559998,73.000000,63.000000
295.540009,73.559998,73.000000,63.000000
295.540009,73.559998,73.000000,63.000000
295.540009,73.559998,73.000000,63.000000
295.540009,73.559998,73.000000,63.000000
295.540009,73.559998,73.000000,63.000000
295.540009,73.559998,73.000000,63.000000
295.540009,73.559998,73.000000,63.000000
295.540009,73.559998,73.000000,63.000000
295.540009,73.559998,73.000000,63.000000
295.540009,73.559998,73.000000,63.000000
295.540009,73.559998,73.000000,63.000000
295.540009,73.559998,73.000000,63.000000
295.540009,73.559998,73.000000,63.000000
295.540009,73.559998,73.000000,63.000000
295.540009,73.559998,73.000000,63.000000
295.540009,73.559998,73.000000,63.000000
295.540009,73.559998,73.000000,63.000000
295.540009,73.559998,73.000000,63.000000
295.540009,73.559998,73.000000,63.000000
295.540009,73.559998,73.000000,63.000000
295.540009,73.559998,73.000000,63.000000
295.540009,73.559998,73.000000,63.000000
295.540009,73.559998,73.000000,63.000000
295.540009,73.559998,73.000000,63.000000
295.540009,73.559998,73.000000,63.000000
295.540009,73.559998,73.000000,63.000000
295.540009,73.559998,73.000000,63.000000
295.540009,73.559998,73.000000,63.000000
295.540009,73.559998,73.000000,63.000000
295.540009,73.559998,73.000000,63.000000
295.540009,73.559998,73.000000,63.000000
295.540009,73.559998,73.000000,63.000000
295.540009,73.559998,73.000000,63.000000
295.540009,73.559998,73.000000,63.000000
295.540009,73.559998,73.000000,63.000000
295.540009,73.559998,73.000000,63.000000
295.540009,73.559998,73.000000,63.000000
295.540009,73.559998,73.000000,63.000000
295.540009,73.559998,73.000000,63.000000
295.540009,73.559998,73.000000,63.000000
295.540009,73.559998,73.000000,63.000000
295.540009,73.559998,73.000000,63.000000
295.540009,73.559998,73.000000,63.000000
295.540009,73.559998,73.000000,63.000000
295.540009,73.559998,73.000000,63.000000
295.540009,73.559998,73.000000,63.000000
295.540009,73.559998,73.000000,63.000000
295.540009,73.559998,73.000000,63.000000
295.540009,73.559998,73.000000,63.000000
295.540009,73.559998,73.000000,63.000000
295.540009,73.559998,73.000000,63.000000
299.170013,73.559998,73.000000,63.000000
299.170013,73.559998,73.000000,63.000000
299.170013,73.559998,73.000000,63.000000
299.170013,73.559998,73.000000,63.000000
299.170013,73.559998,73.000000,63.000000
299.170013,73.559998,73.000000,63.000000
303.700012,73.559998,73.000000,63.000000
303.700012,73.559998,73.000000,63.000000
303.700012,73.559998,73.000000,63.000000
307.320007,77.180000,73.000000,63.000000
307.320007,77.180000,73.000000,63.000000
307.320007,77.180000,73.000000,63.000000
307.320007,77.180000,73.000000,63.000000
305.820007,75.680000,76.000000,66.000000
305.320007,75.180000,77.000000,67.000000
309.160004,75.180000,77.000000,67.000000
309.160004,75.180000,77.000000,67.000000
309.160004,75.180000,77.000000,67.000000
313.000000,79.019997,77.000000,67.000000
313.000000,79.019997,77.000000,67.000000
313.000000,79.019997,77.000000,67.000000
313.000000,79.019997,77.000000,67.000000
313.000000,79.019997,77.000000,67.000000
313.000000,79.019997,77.000000,67.000000
316.839996,82.849998,77.000000,67.000000
316.839996,82.849998,77.000000,67.000000
316.839996,82.849998,77.000000,67.000000
316.839996,82.849998,77.000000,67.000000
316.839996,82.849998,77.000000,67.000000
316.839996,82.849998,77.000000,67.000000
316.839996,82.849998,77.000000,67.000000
315.839996,82.349998,79.000000,68.000000
315.839996,82.349998,79.000000,68.000000
319.769989,86.290001,79.000000,68.000000
319.269989,85.290001,80.000000,70.000000
319.269989,85.290001,80.000000,70.000000
319.269989,85.290001,80.000000,70.000000
318.269989,84.790001,82.000000,71.000000
318.269989,84.790001,82.000000,71.000000
318.269989,84.790001,82.000000,71.000000
317.269989,83.790001,84.000000,73.000000
317.269989,83.790001,84.000000,73.000000
321.440002,87.959999,84.000000,73.000000
321.440002,87.959999,84.000000,73.000000
321.440002,87.959999,84.000000,73.000000
321.440002,87.959999,84.000000,73.000000
320.940002,87.459999,85.000000,74.000000
320.940002,87.459999,85.000000,74.000000
320.940002,87.459999,85.000000,74.000000
319.940002,86.959999,87.000000,75.000000
319.940002,86.959999,87.000000,75.000000
319.940002,91.250000,87.000000,75.000000
319.940002,91.250000,87.000000,75.000000
319.940002,91.250000,87.000000,75.000000
319.940002,91.250000,87.000000,75.000000
319.940002,91.250000,87.000000,75.000000
319.940002,91.250000,87.000000,75.000000
319.940002,95.540001,87.000000,75.000000
319.940002,95.540001,87.000000,75.000000
319.940002,95.540001,87.000000,75.000000
319.940002,95.540001,87.000000,75.000000
318.940002,94.540001,89.000000,77.000000
318.940002,94.540001,89.000000,77.000000
318.940002,98.930000,89.000000,77.000000
318.940002,98.930000,89.000000,77.000000
318.940002,98.930000,89.000000,77.000000
318.940002,98.930000,89.000000,77.000000
318.940002,98.930000,89.000000,77.000000
318.940002,98.930000,89.000000,77.000000
318.940002,103.330002,89.000000,77.000000
318.940002,103.330002,89.000000,77.000000
318.940002,103.330002,89.000000,77.000000
314.540009,108.830002,89.000000,77.000000
314.040009,107.830002,90.000000,79.000000
313.040009,107.330002,92.000000,80.000000
313.040009,111.910004,92.000000,80.000000
312.040009,110.910004,94.000000,82.000000
311.040009,110.410004,96.000000,83.000000
306.260010,115.190002,96.000000,83.000000
305.260010,114.190002,98.000000,85.000000
305.260010,114.190002,98.000000,85.000000
300.369995,119.089996,98.000000,85.000000
299.369995,118.089996,100.000000,87.000000
298.369995,117.589996,102.000000,88.000000
293.329987,123.879997,102.000000,88.000000
293.329987,123.879997,102.000000,88.000000
293.329987,123.879997,102.000000,88.000000
288.290009,130.179993,102.000000,88.000000
287.290009,129.179993,104.000000,90.000000
287.290009,129.179993,104.000000,90.000000
281.040009,134.740005,106.000000,92.000000
280.040009,133.740005,108.000000,94.000000
280.040009,133.740005,108.000000,94.000000
273.350006,140.440002,108.000000,94.000000
271.350006,138.440002,112.000000,98.000000
271.350006,138.440002,112.000000,98.000000
264.380005,146.789993,112.000000,98.000000
262.880005,145.789993,115.000000,100.000000
262.880005,145.789993,115.000000,100.000000
255.710007,152.970001,115.000000,100.000000
254.710007,151.970001,117.000000,102.000000
254.710007,151.970001,117.000000,102.000000
243.009995,159.279999,117.000000,102.000000
242.009995,158.279999,119.000000,104.000000
242.009995,158.279999,119.000000,104.000000
236.050003,165.729996,119.000000,104.000000
234.550003,164.729996,122.000000,106.000000
233.550003,163.729996,124.000000,108.000000
227.369995,169.910004,124.000000,108.000000
227.369995,169.910004,124.000000,108.000000
227.369995,169.910004,124.000000,108.000000
221.179993,173.000000,124.000000,108.000000
219.679993,172.000000,127.000000,110.000000
219.679993,172.000000,127.000000,110.000000
213.380005,178.300003,127.000000,110.000000
212.380005,177.300003,129.000000,112.000000
210.880005,176.300003,132.000000,114.000000
204.350006,182.830002,132.000000,114.000000
203.350006,181.330002,134.000000,117.000000
203.350006,181.330002,134.000000,117.000000
203.350006,181.330002,134.000000,117.000000
203.350006,181.330002,134.000000,117.000000
203.350006,181.330002,134.000000,117.000000
196.649994,189.710007,134.000000,117.000000
196.649994,189.710007,134.000000,117.000000
196.649994,189.710007,134.000000,117.000000
189.949997,196.410004,134.000000,117.000000
189.949997,196.410004,134.000000,117.000000
189.949997,196.410004,134.000000,117.000000
189.949997,196.410004,134.000000,117.000000
189.949997,196.410004,134.000000,117.000000
189.949997,196.410004,134.000000,117.000000
189.949997,196.410004,134.000000,117.000000
189.949997,196.410004,134.000000,117.000000
189.949997,196.410004,134.000000,117.000000
189.949997,196.410004,134.000000,117.000000
189.949997,196.410004,134.000000,117.000000
189.949997,196.410004,134.000000,117.000000
189.949997,196.410004,134.000000,117.000000
189.949997,196.410004,134.000000,117.000000
189.949997,196.410004,134.000000,117.000000
189.949997,196.410004,134.000000,117.000000
189.949997,196.410004,134.000000,117.000000
189.949997,196.410004,134.000000,117.000000
189.949997,196.410004,134.000000,117.000000
189.949997,196.410004,134.000000,117.000000
189.949997,196.410004,134.000000,117.000000
189.949997,196.410004,134.000000,117.000000
189.949997,196.410004,134.000000,117.000000
189.949997,196.410004,134.000000,117.000000
189.949997,196.410004,134.000000,117.000000
189.949997,196.410004,134.000000,117.000000
189.949997,196.410004,134.000000,117.000000
189.949997,196.410004,134.000000,117.000000
189.949997,196.410004,134.000000,117.000000
189.949997,196.410004,134.000000,117.000000
189.949997,196.410004,134.000000,117.000000
189.949997,196.410004,134.000000,117.000000
189.949997,196.410004,134.000000,117.000000
189.949997,196.410004,134.000000,117.000000
189.949997,196.410004,134.000000,117.000000
189.949997,196.410004,134.000000,117.000000
189.949997,196.410004,134.000000,117.000000
189.949997,196.410004,134.000000,117.000000
189.949997,196.410004,134.000000,117.000000
189.949997,196.410004,134.000000,117.000000
189.949997,196.410004,134.000000,117.000000
189.949997,196.410004,134.000000,117.000000
189.949997,196.410004,134.000000,117.000000
189.949997,196.410004,134.000000,117.000000
189.949997,196.410004,134.000000,117.000000
189.949997,196.410004,134.000000,117.000000
189.949997,196.410004,134.000000,117.000000
189.949997,196.410004,134.000000,117.000000
189.949997,196.410004,134.000000,117.000000
189.949997,196.410004,134.000000,117.000000
189.949997,196.410004,134.000000,117.000000
189.949997,196.410004,134.000000,117.000000
189.949997,196.410004,134.000000,117.000000
189.949997,196.410004,134.000000,117.000000
189.949997,196.410004,134.000000,117.000000
190.149994,195.410004,137.000000,119.000000
191.649994,196.410004,134.000000,117.000000
191.649994,196.410004,134.000000,117.000000
190.149994,195.410004,137.000000,119.000000
190.149994,195.410004,137.000000,119.000000
196.970001,188.589996,137.000000,119.000000
198.470001,189.589996,134.000000,117.000000
199.470001,191.089996,132.000000,114.000000
199.470001,184.559998,132.000000,114.000000
199.470001,184.559998,132.000000,114.000000
199.470001,184.559998,132.000000,114.000000
206.000000,178.029999,132.000000,114.000000
206.000000,178.029999,132.000000,114.000000
206.000000,179.669998,132.000000,114.000000
199.470001,186.199997,132.000000,114.000000
199.470001,186.199997,132.000000,114.000000
199.470001,186.199997,132.000000,114.000000
199.470001,186.199997,132.000000,114.000000
199.470001,186.199997,132.000000,114.000000
199.470001,186.199997,132.000000,114.000000
199.470001,186.199997,132.000000,114.000000
199.470001,186.199997,132.000000,114.000000
199.470001,186.199997,132.000000,114.000000
199.470001,186.199997,132.000000,114.000000
199.470001,186.199997,132.000000,114.000000
199.470001,186.199997,132.000000,114.000000
199.470001,186.199997,132.000000,114.000000
199.470001,186.199997,132.000000,114.000000
199.470001,186.199997,132.000000,114.000000
199.470001,186.199997,132.000000,114.000000
199.470001,186.199997,132.000000,114.000000
199.470001,186.199997,132.000000,114.000000
199.470001,186.199997,132.000000,114.000000
199.470001,186.199997,132.000000,114.000000
199.470001,186.199997,132.000000,114.000000
199.470001,187.830002,132.000000,114.000000
199.470001,187.830002,132.000000,114.000000
199.470001,187.830002,132.000000,114.000000
199.470001,187.830002,132.000000,114.000000
199.470001,187.830002,132.000000,114.000000
199.470001,187.830002,132.000000,114.000000
199.470001,187.830002,132.000000,114.000000
199.470001,187.830002,132.000000,114.000000
199.470001,187.830002,132.000000,114.000000
199.470001,187.830002,132.000000,114.000000
199.470001,187.830002,132.000000,114.000000
199.470001,187.830002,132.000000,114.000000
199.470001,187.830002,132.000000,114.000000
199.470001,187.830002,132.000000,114.000000
199.470001,187.830002,132.000000,114.000000
199.470001,187.830002,132.000000,114.000000
199.470001,187.830002,132.000000,114.000000
199.470001,187.830002,132.000000,114.000000
199.470001,187.830002,132.000000,114.000000
199.470001,187.830002,132.000000,114.000000
199.470001,187.830002,132.000000,114.000000
199.470001,187.830002,132.000000,114.000000
199.470001,187.830002,132.000000,114.000000
199.470001,187.830002,132.000000,114.000000
199.470001,187.830002,132.000000,114.000000
199.470001,187.830002,132.000000,114.000000
199.470001,187.830002,132.000000,114.000000
199.470001,187.830002,132.000000,114.000000
199.470001,187.830002,132.000000,114.000000
199.470001,187.830002,132.000000,114.000000
199.470001,187.830002,132.000000,114.000000
199.470001,187.830002,132.000000,114.000000
199.470001,187.830002,132.000000,114.000000
199.470001,187.830002,132.000000,114.000000
199.470001,187.830002,132.000000,114.000000
199.470001,187.830002,132.000000,114.000000
199.470001,187.830002,132.000000,114.000000
199.470001,187.830002,132.000000,114.000000
199.470001,187.830002,132.000000,114.000000
199.470001,187.830002,132.000000,114.000000
199.470001,187.830002,132.000000,114.000000
199.470001,187.830002,132.000000,114.000000
199.470001,187.830002,132.000000,114.000000
199.470001,187.830002,132.000000,114.000000
199.470001,187.830002,132.000000,114.000000
199.470001,187.830002,132.000000,114.000000
199.470001,187.830002,132.000000,114.000000
199.470001,187.830002,132.000000,114.000000
199.470001,187.830002,132.000000,114.000000
199.470001,187.830002,132.000000,114.000000
199.470001,187.830002,132.000000,114.000000
199.470001,187.830002,132.000000,114.000000
199.470001,187.830002,132.000000,114.000000
199.470001,187.830002,132.000000,114.000000
199.470001,187.830002,132.000000,114.000000
199.470001,187.830002,132.000000,114.000000
199.470001,187.830002,132.000000,114.000000
196.210007,194.360001,132.000000,114.000000
196.210007,194.360001,132.000000,114.000000
196.210007,194.360001,132.000000,114.000000
196.210007,194.360001,132.000000,114.000000
196.210007,194.360001,132.000000,114.000000
196.210007,194.360001,132.000000,114.000000
189.679993,194.360001,132.000000,114.000000
188.679993,192.860001,134.000000,117.000000
188.679993,192.860001,134.000000,117.000000
188.679993,199.559998,134.000000,117.000000
187.179993,198.559998,137.000000,119.000000
187.179993,198.559998,137.000000,119.000000
187.179993,198.559998,137.000000,119.000000
180.470001,197.559998,140.000000,121.000000
180.470001,197.559998,140.000000,121.000000
180.470001,199.300003,140.000000,121.000000
180.470001,199.300003,140.000000,121.000000
180.470001,199.300003,140.000000,121.000000
180.470001,199.300003,140.000000,121.000000
180.470001,199.300003,140.000000,121.000000
180.470001,199.300003,140.000000,121.000000
180.470001,199.300003,140.000000,121.000000
180.470001,199.300003,140.000000,121.000000
180.470001,199.300003,140.000000,121.000000
180.470001,199.300003,140.000000,121.000000
180.470001,199.300003,140.000000,121.000000
180.470001,199.300003,140.000000,121.000000
180.470001,199.300003,140.000000,121.000000
180.470001,199.300003,140.000000,121.000000
180.470001,199.300003,140.000000,121.000000
180.470001,199.300003,140.000000,121.000000
180.470001,199.300003,140.000000,121.000000
180.470001,199.300003,140.000000,121.000000
180.470001,199.300003,140.000000,121.000000
180.470001,199.300003,140.000000,121.000000
180.470001,199.300003,140.000000,121.000000
180.470001,199.300003,140.000000,121.000000
180.470001,199.300003,140.000000,121.000000
180.470001,199.300003,140.000000,121.000000
180.470001,199.300003,140.000000,121.000000
180.470001,199.300003,140.000000,121.000000
180.470001,199.300003,140.000000,121.000000
180.470001,199.300003,140.000000,121.000000
180.470001,199.300003,140.000000,121.000000
180.470001,199.300003,140.000000,121.000000
180.470001,199.300003,140.000000,121.000000
180.470001,199.300003,140.000000,121.000000
180.470001,199.300003,140.000000,121.000000
180.470001,199.300003,140.000000,121.000000
180.470001,199.300003,140.000000,121.000000
180.470001,199.300003,140.000000,121.000000
180.470001,199.300003,140.000000,121.000000
180.470001,199.300003,140.000000,121.000000
180.470001,199.300003,140.000000,121.000000
180.470001,199.300003,140.000000,121.000000
180.470001,199.300003,140.000000,121.000000
180.470001,199.300003,140.000000,121.000000
180.470001,199.300003,140.000000,121.000000
180.470001,199.300003,140.000000,121.000000
180.470001,199.300003,140.000000,121.000000
180.470001,199.300003,140.000000,121.000000
180.470001,199.300003,140.000000,121.000000
180.470001,199.300003,140.000000,121.000000
180.470001,199.300003,140.000000,121.000000
180.470001,199.300003,140.000000,121.000000
180.470001,199.300003,140.000000,121.000000
180.470001,199.300003,140.000000,121.000000
180.470001,199.300003,140.000000,121.000000
180.470001,199.300003,140.000000,121.000000
180.470001,199.300003,140.000000,121.000000
180.470001,199.300003,140.000000,121.000000
180.470001,199.300003,140.000000,121.000000
180.470001,199.300003,140.000000,121.000000
180.470001,199.300003,140.000000,121.000000
180.470001,199.300003,140.000000,121.000000
180.470001,199.300003,140.000000,121.000000
180.470001,199.300003,140.000000,121.000000
180.470001,199.300003,140.000000,121.000000
180.470001,199.300003,140.000000,121.000000
180.470001,199.300003,140.000000,121.000000
180.470001,199.300003,140.000000,121.000000
180.470001,199.300003,140.000000,121.000000
180.470001,199.300003,140.000000,121.000000
180.470001,199.300003,140.000000,121.000000
180.470001,199.300003,140.000000,121.000000
180.470001,199.300003,140.000000,121.000000
180.470001,199.300003,140.000000,121.000000
180.470001,199.300003,140.000000,121.000000
180.470001,199.300003,140.000000,121.000000
180.470001,199.300003,140.000000,121.000000
180.470001,199.300003,140.000000,121.000000
180.470001,199.300003,140.000000,121.000000
180.470001,199.300003,140.000000,121.000000
180.470001,199.300003,140.000000,121.000000
180.470001,199.300003,140.000000,121.000000
180.470001,199.300003,140.000000,121.000000
180.470001,199.300003,140.000000,121.000000
180.470001,199.300003,140.000000,121.000000
180.470001,199.300003,140.000000,121.000000
180.470001,199.300003,140.000000,121.000000
180.470001,199.300003,140.000000,121.000000
180.470001,199.300003,140.000000,121.000000
180.470001,199.300003,140.000000,121.000000
180.470001,199.300003,140.000000,121.000000
180.470001,199.300003,140.000000,121.000000
180.470001,199.300003,140.000000,121.000000
180.470001,199.300003,140.000000,121.000000
180.470001,199.300003,140.000000,121.000000
180.470001,199.300003,140.000000,121.000000
180.470001,199.300003,140.000000,121.000000
180.470001,199.300003,140.000000,121.000000
180.470001,199.300003,140.000000,121.000000
180.470001,199.300003,140.000000,121.000000
180.470001,199.300003,140.000000,121.000000
180.470001,199.300003,140.000000,121.000000
180.470001,199.300003,140.000000,121.000000
180.470001,199.300003,140.000000,121.000000
180.470001,199.300003,140.000000,121.000000
180.470001,199.300003,140.000000,121.000000
180.470001,199.300003,140.000000,121.000000
180.470001,199.300003,140.000000,121.000000
180.470001,199.300003,140.000000,121.000000
180.470001,199.300003,140.000000,121.000000
180.470001,199.300003,140.000000,121.000000
180.470001,199.300003,140.000000,121.000000
180.470001,199.300003,140.000000,121.000000
180.470001,199.300003,140.000000,121.000000
180.470001,199.300003,140.000000,121.000000
180.470001,199.300003,140.000000,121.000000
180.470001,199.300003,140.000000,121.000000
180.470001,199.300003,140.000000,121.000000
180.470001,199.300003,140.000000,121.000000
180.470001,199.300003,140.000000,121.000000
180.470001,199.300003,140.000000,121.000000
180.470001,199.300003,140.000000,121.000000
180.470001,199.300003,140.000000,121.000000
180.470001,199.300003,140.000000,121.000000
180.470001,199.300003,140.000000,121.000000
187.419998,199.300003,140.000000,121.000000
187.419998,199.300003,140.000000,121.000000
185.919998,197.800003,143.000000,124.000000
185.919998,190.669998,143.000000,124.000000
188.919998,193.169998,137.000000,119.000000
188.919998,193.169998,137.000000,119.000000
188.919998,193.169998,137.000000,119.000000
194.360001,192.169998,140.000000,121.000000
194.360001,192.169998,140.000000,121.000000
194.360001,185.220001,140.000000,121.000000
195.860001,186.220001,137.000000,119.000000
197.360001,187.220001,134.000000,117.000000
204.059998,165.440002,134.000000,117.000000
204.059998,172.139999,134.000000,117.000000
204.059998,172.139999,134.000000,117.000000
212.440002,165.440002,134.000000,117.000000
212.440002,165.440002,134.000000,117.000000
212.440002,165.440002,134.000000,117.000000
219.139999,165.440002,134.000000,117.000000
217.639999,157.619995,137.000000,119.000000
217.639999,157.619995,137.000000,119.000000
224.460007,164.440002,137.000000,119.000000
224.460007,164.440002,137.000000,119.000000
224.460007,164.440002,137.000000,119.000000
232.990005,171.259995,137.000000,119.000000
232.990005,171.259995,137.000000,119.000000
232.990005,171.259995,137.000000,119.000000
248.339996,178.089996,137.000000,119.000000
246.839996,177.089996,140.000000,121.000000
246.839996,177.089996,140.000000,121.000000
253.789993,184.029999,140.000000,121.000000
253.789993,184.029999,140.000000,121.000000
253.789993,184.029999,140.000000,121.000000
253.789993,184.029999,140.000000,121.000000
253.789993,184.029999,140.000000,121.000000
253.789993,184.029999,140.000000,121.000000
260.730011,184.029999,140.000000,121.000000
259.230011,182.529999,143.000000,124.000000
259.230011,182.529999,143.000000,124.000000
259.230011,180.740005,143.000000,124.000000
259.230011,180.740005,143.000000,124.000000
259.230011,180.740005,143.000000,124.000000
259.230011,180.740005,143.000000,124.000000
259.230011,180.740005,143.000000,124.000000
259.230011,180.740005,143.000000,124.000000
259.230011,180.740005,143.000000,124.000000
259.230011,180.740005,143.000000,124.000000
259.230011,180.740005,143.000000,124.000000
259.230011,180.740005,143.000000,124.000000
259.230011,180.740005,143.000000,124.000000
259.230011,180.740005,143.000000,124.000000
259.230011,180.740005,143.000000,124.000000
259.230011,180.740005,143.000000,124.000000
259.230011,180.740005,143.000000,124.000000
259.230011,180.740005,143.000000,124.000000
259.230011,180.740005,143.000000,124.000000
259.230011,180.740005,143.000000,124.000000
259.230011,180.740005,143.000000,124.000000
259.230011,180.740005,143.000000,124.000000
259.230011,180.740005,143.000000,124.000000
259.230011,180.740005,143.000000,124.000000
259.230011,180.740005,143.000000,124.000000
259.230011,180.740005,143.000000,124.000000
259.230011,180.740005,143.000000,124.000000
259.230011,180.740005,143.000000,124.000000
259.230011,180.740005,143.000000,124.000000
259.230011,180.740005,143.000000,124.000000
259.230011,180.740005,143.000000,124.000000
259.230011,180.740005,143.000000,124.000000
259.230011,180.740005,143.000000,124.000000
259.230011,180.740005,143.000000,124.000000
259.230011,180.740005,143.000000,124.000000
259.230011,180.740005,143.000000,124.000000
259.230011,180.740005,143.000000,124.000000
259.230011,180.740005,143.000000,124.000000
259.230011,180.740005,143.000000,124.000000
259.230011,180.740005,143.000000,124.000000
259.230011,180.740005,143.000000,124.000000
259.230011,180.740005,143.000000,124.000000
259.230011,180.740005,143.000000,124.000000
259.230011,180.740005,143.000000,124.000000
259.230011,180.740005,143.000000,124.000000
259.230011,180.740005,143.000000,124.000000
259.230011,180.740005,143.000000,124.000000
259.230011,180.740005,143.000000,124.000000
259.230011,180.740005,143.000000,124.000000
259.230011,180.740005,143.000000,124.000000
259.230011,180.740005,143.000000,124.000000
259.230011,180.740005,143.000000,124.000000
259.230011,180.740005,143.000000,124.000000
259.230011,184.309998,143.000000,124.000000
257.730011,183.309998,146.000000,126.000000
257.730011,183.309998,146.000000,126.000000
257.730011,183.309998,146.000000,126.000000
257.730011,183.309998,146.000000,126.000000
257.730011,183.309998,146.000000,126.000000
257.730011,183.309998,146.000000,126.000000
257.730011,183.309998,146.000000,126.000000
257.730011,183.309998,146.000000,126.000000
257.730011,183.309998,146.000000,126.000000
257.730011,183.309998,146.000000,126.000000
257.730011,183.309998,146.000000,126.000000
257.730011,183.309998,146.000000,126.000000
257.730011,183.309998,146.000000,126.000000
257.730011,183.309998,146.000000,126.000000
257.730011,183.309998,146.000000,126.000000
257.730011,183.309998,146.000000,126.000000
257.730011,183.309998,146.000000,126.000000
257.730011,183.309998,146.000000,126.000000
257.730011,183.309998,146.000000,126.000000
257.730011,183.309998,146.000000,126.000000
257.730011,183.309998,146.000000,126.000000
257.730011,183.309998,146.000000,126.000000
257.730011,183.309998,146.000000,126.000000
257.730011,183.309998,146.000000,126.000000
257.730011,183.309998,146.000000,126.000000
257.730011,183.309998,146.000000,126.000000
257.730011,183.309998,146.000000,126.000000
257.730011,183.309998,146.000000,126.000000
257.730011,183.309998,146.000000,126.000000
257.730011,183.309998,146.000000,126.000000
257.730011,183.309998,146.000000,126.000000
257.730011,183.309998,146.000000,126.000000
257.730011,183.309998,146.000000,126.000000
257.730011,183.309998,146.000000,126.000000
257.730011,183.309998,146.000000,126.000000
257.730011,183.309998,146.000000,126.000000
257.730011,183.309998,146.000000,126.000000
257.730011,183.309998,146.000000,126.000000
257.730011,183.309998,146.000000,126.000000
257.730011,183.309998,146.000000,126.000000
257.730011,183.309998,146.000000,126.000000
257.730011,183.309998,146.000000,126.000000
257.730011,183.309998,146.000000,126.000000
257.730011,183.309998,146.000000,126.000000
257.730011,183.309998,146.000000,126.000000
257.730011,183.309998,146.000000,126.000000
257.730011,183.309998,146.000000,126.000000
257.730011,183.309998,146.000000,126.000000
257.730011,183.309998,146.000000,126.000000
257.730011,183.309998,146.000000,126.000000
257.730011,183.309998,146.000000,126.000000
257.730011,183.309998,146.000000,126.000000
257.730011,183.309998,146.000000,126.000000
257.730011,183.309998,146.000000,126.000000
257.730011,183.309998,146.000000,126.000000
257.730011,183.309998,146.000000,126.000000
257.730011,183.309998,146.000000,126.000000
257.730011,183.309998,146.000000,126.000000
257.730011,183.309998,146.000000,126.000000
257.730011,183.309998,146.000000,126.000000
257.730011,183.309998,146.000000,126.000000
257.730011,183.309998,146.000000,126.000000
257.730011,183.309998,146.000000,126.000000
257.730011,183.309998,146.000000,126.000000
257.730011,183.309998,146.000000,126.000000
257.730011,183.309998,146.000000,126.000000
257.730011,183.309998,146.000000,126.000000
257.730011,183.309998,146.000000,126.000000
257.730011,183.309998,146.000000,126.000000
257.730011,183.309998,146.000000,126.000000
257.730011,183.309998,146.000000,126.000000
257.730011,183.309998,146.000000,126.000000
257.730011,183.309998,146.000000,126.000000
257.730011,183.309998,146.000000,126.000000
257.730011,183.309998,146.000000,126.000000
257.730011,183.309998,146.000000,126.000000
257.730011,183.309998,146.000000,126.000000
257.730011,183.309998,146.000000,126.000000
257.730011,183.309998,146.000000,126.000000
257.730011,183.309998,146.000000,126.000000
257.730011,183.309998,146.000000,126.000000
257.730011,183.309998,146.000000,126.000000
257.730011,183.309998,146.000000,126.000000
257.730011,183.309998,146.000000,126.000000
257.730011,183.309998,146.000000,126.000000
257.730011,183.309998,146.000000,126.000000
257.730011,183.309998,146.000000,126.000000
257.730011,183.309998,146.000000,126.000000
257.730011,183.309998,146.000000,126.000000
257.730011,183.309998,146.000000,126.000000
257.730011,183.309998,146.000000,126.000000
257.730011,183.309998,146.000000,126.000000
257.730011,183.309998,146.000000,126.000000
257.730011,183.309998,146.000000,126.000000
257.730011,183.309998,146.000000,126.000000
257.730011,183.309998,146.000000,126.000000
257.730011,183.309998,146.000000,126.000000
257.730011,183.309998,146.000000,126.000000
257.730011,183.309998,146.000000,126.000000
257.730011,183.309998,146.000000,126.000000
257.730011,183.309998,146.000000,126.000000
257.730011,183.309998,146.000000,126.000000
257.730011,183.309998,146.000000,126.000000
257.730011,183.309998,146.000000,126.000000
257.730011,183.309998,146.000000,126.000000
257.730011,183.309998,146.000000,126.000000
257.730011,183.309998,146.000000,126.000000
257.730011,183.309998,146.000000,126.000000
257.730011,183.309998,146.000000,126.000000
257.730011,183.309998,146.000000,126.000000
257.730011,183.309998,146.000000,126.000000
257.730011,183.309998,146.000000,126.000000
257.730011,183.309998,146.000000,126.000000
257.730011,183.309998,146.000000,126.000000
257.730011,183.309998,146.000000,126.000000
257.730011,183.309998,146.000000,126.000000
257.730011,183.309998,146.000000,126.000000
257.730011,183.309998,146.000000,126.000000
257.730011,183.309998,146.000000,126.000000
257.730011,183.309998,146.000000,126.000000
257.730011,183.309998,146.000000,126.000000
257.730011,183.309998,146.000000,126.000000
257.730011,183.309998,146.000000,126.000000
257.730011,183.309998,146.000000,126.000000
257.730011,183.309998,146.000000,126.000000
257.730011,183.309998,146.000000,126.000000
257.730011,183.309998,146.000000,126.000000
257.730011,183.309998,146.000000,126.000000
257.730011,183.309998,146.000000,126.000000
257.730011,183.309998,146.000000,126.000000
257.730011,183.309998,146.000000,126.000000
257.730011,183.309998,146.000000,126.000000
257.730011,183.309998,146.000000,126.000000
257.730011,183.309998,146.000000,126.000000
257.730011,183.309998,146.000000,126.000000
257.730011,183.309998,146.000000,126.000000
257.730011,183.309998,146.000000,126.000000
257.730011,183.309998,146.000000,126.000000
257.730011,183.309998,146.000000,126.000000
257.730011,183.309998,146.000000,126.000000
257.730011,183.309998,146.000000,126.000000
257.730011,183.309998,146.000000,126.000000
257.730011,183.309998,146.000000,126.000000
257.730011,183.309998,146.000000,126.000000
257.730011,183.309998,146.000000,126.000000
257.730011,183.309998,146.000000,126.000000
257.730011,183.309998,146.000000,126.000000
257.730011,183.309998,146.000000,126.000000
257.730011,183.309998,146.000000,126.000000
257.730011,183.309998,146.000000,126.000000
257.730011,183.309998,146.000000,126.000000
257.730011,183.309998,146.000000,126.000000
257.730011,183.309998,146.000000,126.000000
257.730011,183.309998,146.000000,126.000000
257.730011,183.309998,146.000000,126.000000
257.730011,183.309998,146.000000,126.000000
257.730011,183.309998,146.000000,126.000000
257.730011,183.309998,146.000000,126.000000
257.730011,183.309998,146.000000,126.000000
257.730011,183.309998,146.000000,126.000000
257.730011,183.309998,146.000000,126.000000
257.730011,183.309998,146.000000,126.000000
257.730011,183.309998,146.000000,126.000000
257.730011,183.309998,146.000000,126.000000
257.730011,183.309998,146.000000,126.000000
257.730011,183.309998,146.000000,126.000000
257.730011,183.309998,146.000000,126.000000
257.730011,190.559998,146.000000,126.000000
257.730011,190.559998,146.000000,126.000000
257.730011,190.559998,146.000000,126.000000
256.730011,189.059998,148.000000,129.000000
256.730011,189.059998,148.000000,129.000000
256.730011,189.059998,148.000000,129.000000
256.730011,196.429993,148.000000,129.000000
253.729996,193.929993,154.000000,134.000000
251.729996,192.429993,158.000000,137.000000
250.229996,191.429993,161.000000,139.000000
250.229996,191.429993,161.000000,139.000000
250.229996,191.429993,161.000000,139.000000
250.229996,191.429993,161.000000,139.000000
250.229996,191.429993,161.000000,139.000000
250.229996,191.429993,161.000000,139.000000
250.229996,197.419998,161.000000,139.000000
250.229996,197.419998,161.000000,139.000000
252.229996,197.419998,161.000000,139.000000
252.229996,197.419998,161.000000,139.000000
250.729996,195.919998,164.000000,142.000000
250.729996,195.919998,164.000000,142.000000
258.850006,204.050003,164.000000,142.000000
257.350006,202.550003,167.000000,145.000000
257.350006,202.550003,167.000000,145.000000
257.350006,202.550003,167.000000,145.000000
257.350006,202.550003,167.000000,145.000000
257.350006,202.550003,167.000000,145.000000
257.350006,202.550003,167.000000,145.000000
257.350006,202.550003,167.000000,145.000000
257.350006,202.550003,167.000000,145.000000
257.350006,210.869995,167.000000,145.000000
257.350006,210.869995,167.000000,145.000000
257.350006,210.869995,167.000000,145.000000
257.350006,210.869995,167.000000,145.000000
257.350006,210.869995,167.000000,145.000000
257.350006,210.869995,167.000000,145.000000
257.350006,210.869995,167.000000,145.000000
257.350006,210.869995,167.000000,145.000000
257.350006,210.869995,167.000000,145.000000
257.350006,210.869995,167.000000,145.000000
257.350006,210.869995,167.000000,145.000000
257.350006,210.869995,167.000000,145.000000
265.670013,219.179993,167.000000,145.000000
264.170013,217.679993,170.000000,148.000000
262.170013,216.179993,174.000000,151.000000
262.170013,216.179993,174.000000,151.000000
262.170013,216.179993,174.000000,151.000000
262.170013,216.179993,174.000000,151.000000
262.170013,216.179993,174.000000,151.000000
262.170013,216.179993,174.000000,151.000000
262.170013,216.179993,174.000000,151.000000
262.170013,224.830002,174.000000,151.000000
262.170013,220.500000,174.000000,151.000000
262.170013,220.500000,174.000000,151.000000
262.170013,220.500000,174.000000,151.000000
262.170013,220.500000,174.000000,151.000000
262.170013,220.500000,174.000000,151.000000
270.820007,229.149994,174.000000,151.000000
269.320007,227.649994,177.000000,154.000000
267.320007,226.149994,181.000000,157.000000
265.320007,224.649994,185.000000,160.000000
265.320007,224.649994,185.000000,160.000000
274.500000,233.830002,185.000000,160.000000
273.000000,232.330002,188.000000,163.000000
273.000000,232.330002,188.000000,163.000000
273.000000,232.330002,188.000000,163.000000
282.309998,241.639999,188.000000,163.000000
280.309998,239.639999,192.000000,167.000000
278.309998,238.139999,196.000000,170.000000
287.779999,238.139999,196.000000,170.000000
289.779999,239.639999,192.000000,167.000000
289.779999,239.639999,192.000000,167.000000
301.549988,249.059998,192.000000,167.000000
301.549988,249.059998,192.000000,167.000000
301.549988,249.059998,192.000000,167.000000
313.320007,258.470001,192.000000,167.000000
311.320007,256.970001,196.000000,170.000000
313.690002,256.970001,196.000000,170.000000
318.040009,258.470001,192.000000,167.000000
320.040009,260.470001,188.000000,163.000000
320.040009,260.470001,188.000000,163.000000
329.350006,269.779999,188.000000,163.000000
329.350006,269.779999,188.000000,163.000000
329.350006,269.779999,188.000000,163.000000
329.350006,269.779999,188.000000,163.000000
329.350006,269.779999,188.000000,163.000000
329.350006,269.779999,188.000000,163.000000
329.350006,269.779999,188.000000,163.000000
329.350006,269.779999,188.000000,163.000000
329.350006,269.779999,188.000000,163.000000
329.350006,269.779999,188.000000,163.000000
329.350006,269.779999,188.000000,163.000000
329.350006,269.779999,188.000000,163.000000
329.350006,269.779999,188.000000,163.000000
329.350006,269.779999,188.000000,163.000000
329.350006,269.779999,188.000000,163.000000
329.350006,269.779999,188.000000,163.000000
329.350006,269.779999,188.000000,163.000000
329.350006,269.779999,188.000000,163.000000
329.350006,269.779999,188.000000,163.000000
329.350006,269.779999,188.000000,163.000000
329.350006,269.779999,188.000000,163.000000
329.350006,269.779999,188.000000,163.000000
329.350006,269.779999,188.000000,163.000000
329.350006,269.779999,188.000000,163.000000
329.350006,269.779999,188.000000,163.000000
329.350006,269.779999,188.000000,163.000000
329.350006,269.779999,188.000000,163.000000
329.350006,269.779999,188.000000,163.000000
329.350006,269.779999,188.000000,163.000000
329.350006,269.779999,188.000000,163.000000
329.350006,269.779999,188.000000,163.000000
329.350006,269.779999,188.000000,163.000000
329.350006,269.779999,188.000000,163.000000
329.350006,269.779999,188.000000,163.000000
329.350006,269.779999,188.000000,163.000000
329.350006,269.779999,188.000000,163.000000
329.350006,269.779999,188.000000,163.000000
329.350006,269.779999,188.000000,163.000000
329.350006,269.779999,188.000000,163.000000
329.350006,269.779999,188.000000,163.000000
329.350006,269.779999,188.000000,163.000000
329.350006,269.779999,188.000000,163.000000
329.350006,269.779999,188.000000,163.000000
329.350006,269.779999,188.000000,163.000000
329.350006,269.779999,188.000000,163.000000
329.350006,269.779999,188.000000,163.000000
329.350006,269.779999,188.000000,163.000000
329.350006,269.779999,188.000000,163.000000
329.350006,269.779999,188.000000,163.000000
329.350006,269.779999,188.000000,163.000000
329.350006,269.779999,188.000000,163.000000
329.350006,269.779999,188.000000,163.000000
329.350006,269.779999,188.000000,163.000000
329.350006,269.779999,188.000000,163.000000
329.350006,269.779999,188.000000,163.000000
329.350006,269.779999,188.000000,163.000000
329.350006,269.779999,188.000000,163.000000
329.350006,269.779999,188.000000,163.000000
329.350006,269.779999,188.000000,163.000000
329.350006,269.779999,188.000000,163.000000
329.350006,269.779999,188.000000,163.000000
329.350006,269.779999,188.000000,163.000000
329.350006,269.779999,188.000000,163.000000
329.350006,269.779999,188.000000,163.000000
329.350006,269.779999,188.000000,163.000000
329.350006,269.779999,188.000000,163.000000
329.350006,269.779999,188.000000,163.000000
329.350006,269.779999,188.000000,163.000000
329.350006,269.779999,188.000000,163.000000
329.350006,269.779999,188.000000,163.000000
329.350006,269.779999,188.000000,163.000000
329.350006,269.779999,188.000000,163.000000
329.350006,269.779999,188.000000,163.000000
329.350006,269.779999,188.000000,163.000000
329.350006,269.779999,188.000000,163.000000
329.350006,269.779999,188.000000,163.000000
329.350006,269.779999,188.000000,163.000000
329.350006,269.779999,188.000000,163.000000
329.350006,269.779999,188.000000,163.000000
329.350006,269.779999,188.000000,163.000000
329.350006,269.779999,188.000000,163.000000
329.350006,269.779999,188.000000,163.000000
329.350006,269.779999,188.000000,163.000000
329.350006,269.779999,188.000000,163.000000
329.350006,269.779999,188.000000,163.000000
329.350006,269.779999,188.000000,163.000000
329.350006,269.779999,188.000000,163.000000
329.350006,269.779999,188.000000,163.000000
329.350006,269.779999,188.000000,163.000000
329.350006,269.779999,188.000000,163.000000
329.350006,269.779999,188.000000,163.000000
329.350006,269.779999,188.000000,163.000000
329.350006,269.779999,188.000000,163.000000
329.350006,269.779999,188.000000,163.000000
329.350006,269.779999,188.000000,163.000000
329.350006,269.779999,188.000000,163.000000
329.350006,269.779999,188.000000,163.000000
329.350006,269.779999,188.000000,163.000000
329.350006,269.779999,188.000000,163.000000
329.350006,269.779999,188.000000,163.000000
329.350006,269.779999,188.000000,163.000000
329.350006,269.779999,188.000000,163.000000
329.350006,269.779999,188.000000,163.000000
329.350006,269.779999,188.000000,163.000000
329.350006,269.779999,188.000000,163.000000
329.350006,269.779999,188.000000,163.000000
329.350006,269.779999,188.000000,163.000000
329.350006,269.779999,188.000000,163.000000
329.350006,269.779999,188.000000,163.000000
329.350006,269.779999,188.000000,163.000000
329.350006,269.779999,188.000000,163.000000
329.350006,269.779999,188.000000,163.000000
329.350006,269.779999,188.000000,163.000000
329.350006,269.779999,188.000000,163.000000
329.350006,269.779999,188.000000,163.000000
329.350006,269.779999,188.000000,163.000000
329.350006,269.779999,188.000000,163.000000
329.350006,269.779999,188.000000,163.000000
329.350006,269.779999,188.000000,163.000000
329.350006,269.779999,188.000000,163.000000
329.350006,269.779999,188.000000,163.000000
329.350006,269.779999,188.000000,163.000000
329.350006,269.779999,188.000000,163.000000
329.350006,269.779999,188.000000,163.000000
329.350006,269.779999,188.000000,163.000000
329.350006,269.779999,188.000000,163.000000
329.350006,269.779999,188.000000,163.000000
329.350006,269.779999,188.000000,163.000000
329.350006,269.779999,188.000000,163.000000
329.350006,269.779999,188.000000,163.000000
329.350006,269.779999,188.000000,163.000000
329.350006,269.779999,188.000000,163.000000
329.350006,269.779999,188.000000,163.000000
329.350006,269.779999,188.000000,163.000000
329.350006,269.779999,188.000000,163.000000
329.350006,269.779999,188.000000,163.000000
329.350006,269.779999,188.000000,163.000000
329.350006,269.779999,188.000000,163.000000
329.350006,269.779999,188.000000,163.000000
329.350006,269.779999,188.000000,163.000000
329.350006,269.779999,188.000000,163.000000
327.350006,267.779999,192.000000,167.000000
327.350006,267.779999,192.000000,167.000000
327.350006,267.779999,192.000000,167.000000
327.350006,267.779999,192.000000,167.000000
327.350006,267.779999,192.000000,167.000000
317.940002,267.779999,192.000000,167.000000
313.940002,264.779999,200.000000,173.000000
309.940002,261.279999,208.000000,180.000000
309.940002,251.509995,208.000000,180.000000
309.940002,251.509995,208.000000,180.000000
309.940002,251.509995,208.000000,180.000000
305.049988,251.509995,208.000000,180.000000
301.049988,247.509995,216.000000,188.000000
298.549988,246.009995,221.000000,191.000000
288.470001,246.009995,221.000000,191.000000
296.970001,253.009995,204.000000,177.000000
296.970001,253.009995,204.000000,177.000000
296.970001,243.320007,204.000000,177.000000
296.970001,243.320007,204.000000,177.000000
296.970001,243.320007,204.000000,177.000000
287.279999,243.320007,204.000000,177.000000
291.279999,237.350006,196.000000,170.000000
291.279999,237.350006,196.000000,170.000000
281.799988,237.350006,196.000000,170.000000
281.799988,237.350006,196.000000,170.000000
281.799988,237.350006,196.000000,170.000000
281.799988,237.350006,196.000000,170.000000
272.329987,227.869995,196.000000,170.000000
276.329987,231.369995,188.000000,163.000000
277.829987,232.869995,185.000000,160.000000
277.829987,232.869995,185.000000,160.000000
277.829987,232.869995,185.000000,160.000000
277.829987,232.869995,185.000000,160.000000
277.829987,232.869995,185.000000,160.000000
277.829987,232.869995,185.000000,160.000000
277.829987,232.869995,185.000000,160.000000
277.829987,232.869995,185.000000,160.000000
277.829987,232.869995,185.000000,160.000000
277.829987,232.869995,185.000000,160.000000
277.829987,232.869995,185.000000,160.000000
277.829987,232.869995,185.000000,160.000000
277.829987,232.869995,185.000000,160.000000
277.829987,232.869995,185.000000,160.000000
277.829987,232.869995,185.000000,160.000000
277.829987,232.869995,185.000000,160.000000
277.829987,232.869995,185.000000,160.000000
277.829987,232.869995,185.000000,160.000000
277.829987,232.869995,185.000000,160.000000
277.829987,232.869995,185.000000,160.000000
277.829987,232.869995,185.000000,160.000000
277.829987,232.869995,185.000000,160.000000
277.829987,232.869995,185.000000,160.000000
277.829987,232.869995,185.000000,160.000000
277.829987,232.869995,185.000000,160.000000
277.829987,232.869995,185.000000,160.000000
277.829987,232.869995,185.000000,160.000000
277.829987,232.869995,185.000000,160.000000
277.829987,232.869995,185.000000,160.000000
277.829987,232.869995,185.000000,160.000000
277.829987,232.869995,185.000000,160.000000
277.829987,232.869995,185.000000,160.000000
277.829987,232.869995,185.000000,160.000000
277.829987,232.869995,185.000000,160.000000
277.829987,232.869995,185.000000,160.000000
277.829987,232.869995,185.000000,160.000000
277.829987,232.869995,185.000000,160.000000
277.829987,232.869995,185.000000,160.000000
277.829987,232.869995,185.000000,160.000000
277.829987,232.869995,185.000000,160.000000
277.829987,232.869995,185.000000,160.000000
277.829987,232.869995,185.000000,160.000000
277.829987,232.869995,185.000000,160.000000
277.829987,232.869995,185.000000,160.000000
277.829987,232.869995,185.000000,160.000000
277.829987,232.869995,185.000000,160.000000
277.829987,232.869995,185.000000,160.000000
277.829987,232.869995,185.000000,160.000000
277.829987,232.869995,185.000000,160.000000
276.329987,231.369995,188.000000,163.000000
276.329987,231.369995,188.000000,163.000000
276.329987,231.369995,188.000000,163.000000
267.019989,231.369995,188.000000,163.000000
265.019989,229.369995,192.000000,167.000000
265.019989,229.369995,192.000000,167.000000
263.019989,218.399994,196.000000,170.000000
268.519989,223.399994,185.000000,160.000000
261.540009,224.899994,181.000000,157.000000
259.540009,223.399994,185.000000,160.000000
259.540009,223.399994,185.000000,160.000000
259.540009,223.399994,185.000000,160.000000
258.040009,221.899994,188.000000,163.000000
258.040009,221.899994,188.000000,163.000000
258.040009,221.899994,188.000000,163.000000
248.720001,212.589996,188.000000,163.000000
252.220001,215.589996,181.000000,157.000000
254.220001,217.089996,177.000000,154.000000
254.220001,217.089996,177.000000,154.000000
252.220001,215.589996,181.000000,157.000000
243.240005,215.589996,181.000000,157.000000
243.240005,213.339996,181.000000,157.000000
245.240005,214.839996,177.000000,154.000000
245.240005,214.839996,177.000000,154.000000
245.240005,214.839996,177.000000,154.000000
243.240005,213.339996,181.000000,157.000000
234.259995,204.360001,181.000000,157.000000
236.259995,205.860001,177.000000,154.000000
237.759995,207.360001,174.000000,151.000000
237.759995,207.360001,174.000000,151.000000
244.250000,207.360001,174.000000,151.000000
244.250000,207.360001,174.000000,151.000000
244.250000,207.360001,174.000000,151.000000
244.250000,207.360001,174.000000,151.000000
244.250000,207.360001,174.000000,151.000000
244.250000,207.360001,174.000000,151.000000
244.250000,207.360001,174.000000,151.000000
244.250000,207.360001,174.000000,151.000000
244.250000,207.360001,174.000000,151.000000
244.250000,207.360001,174.000000,151.000000
244.250000,207.360001,174.000000,151.000000
244.250000,207.360001,174.000000,151.000000
244.250000,207.360001,174.000000,151.000000
244.250000,207.360001,174.000000,151.000000
244.250000,207.360001,174.000000,151.000000
244.250000,207.360001,174.000000,151.000000
244.250000,207.360001,174.000000,151.000000
244.250000,207.360001,174.000000,151.000000
244.250000,207.360001,174.000000,151.000000
244.250000,207.360001,174.000000,151.000000
244.250000,207.360001,174.000000,151.000000
244.250000,207.360001,174.000000,151.000000
244.250000,207.360001,174.000000,151.000000
244.250000,207.360001,174.000000,151.000000
244.250000,207.360001,174.000000,151.000000
244.250000,207.360001,174.000000,151.000000
244.250000,207.360001,174.000000,151.000000
244.250000,207.360001,174.000000,151.000000
244.250000,207.360001,174.000000,151.000000
244.250000,207.360001,174.000000,151.000000
244.250000,207.360001,174.000000,151.000000
244.250000,207.360001,174.000000,151.000000
244.250000,207.360001,174.000000,151.000000
244.250000,207.360001,174.000000,151.000000
244.250000,207.360001,174.000000,151.000000
244.250000,207.360001,174.000000,151.000000
244.250000,207.360001,174.000000,151.000000
244.250000,207.360001,174.000000,151.000000
244.250000,207.360001,174.000000,151.000000
244.250000,207.360001,174.000000,151.000000
244.250000,207.360001,174.000000,151.000000
244.250000,207.360001,174.000000,151.000000
244.250000,207.360001,174.000000,151.000000
244.250000,207.360001,174.000000,151.000000
244.250000,207.360001,174.000000,151.000000
244.250000,207.360001,174.000000,151.000000
244.250000,207.360001,174.000000,151.000000
244.250000,207.360001,174.000000,151.000000
252.899994,216.009995,174.000000,151.000000
251.399994,214.509995,177.000000,154.000000
251.399994,214.509995,177.000000,154.000000
251.399994,214.509995,177.000000,154.000000
251.399994,214.509995,177.000000,154.000000
251.399994,214.509995,177.000000,154.000000
260.230011,214.509995,177.000000,154.000000
260.230011,214.509995,177.000000,154.000000
260.230011,218.929993,177.000000,154.000000
258.230011,217.429993,181.000000,157.000000
258.230011,217.429993,181.000000,157.000000
267.209991,224.160004,181.000000,157.000000
265.209991,222.660004,185.000000,160.000000
265.209991,222.660004,185.000000,160.000000
265.209991,222.660004,185.000000,160.000000
274.390015,222.660004,185.000000,160.000000
274.390015,222.660004,185.000000,160.000000
274.390015,227.250000,185.000000,160.000000
283.570007,227.250000,185.000000,160.000000
283.570007,229.550003,185.000000,160.000000
283.570007,238.729996,185.000000,160.000000
291.390015,237.229996,188.000000,163.000000
289.390015,235.229996,192.000000,167.000000
298.799988,244.639999,192.000000,167.000000
296.799988,243.139999,196.000000,170.000000
294.799988,241.639999,200.000000,173.000000
304.390015,241.639999,200.000000,173.000000
315.859985,252.619995,196.000000,170.000000
313.859985,251.119995,200.000000,173.000000
313.859985,251.119995,200.000000,173.000000
323.450012,253.509995,200.000000,173.000000
325.450012,255.009995,196.000000,170.000000
325.450012,255.009995,196.000000,170.000000
339.220001,265.929993,192.000000,167.000000
