1
161.000000,173.500000,36.000000,89.000000
161.000000,173.500000,36.000000,89.000000
161.000000,173.500000,36.000000,89.000000
161.000000,173.500000,36.000000,89.000000
161.000000,173.500000,36.000000,89.000000
157.759995,170.259995,36.000000,89.000000
157.259995,168.259995,37.000000,93.000000
157.259995,168.259995,37.000000,93.000000
156.259995,166.759995,39.000000,96.000000
157.259995,168.259995,37.000000,93.000000
157.259995,168.259995,37.000000,93.000000
159.759995,169.259995,37.000000,91.000000
159.259995,167.759995,38.000000,94.000000
159.759995,168.259995,37.000000,93.000000
159.259995,167.759995,38.000000,94.000000
159.759995,172.589996,37.000000,91.000000
159.759995,171.589996,37.000000,93.000000
159.759995,172.589996,37.000000,91.000000
159.759995,171.589996,37.000000,93.000000
159.759995,174.949997,37.000000,93.000000
159.759995,175.949997,37.000000,91.000000
159.759995,174.949997,37.000000,93.000000
163.100006,175.949997,37.000000,91.000000
163.100006,175.949997,37.000000,91.000000
164.100006,177.949997,35.000000,87.000000
164.100006,178.449997,35.000000,86.000000
168.100006,183.460007,33.000000,82.000000
168.100006,183.460007,33.000000,82.000000
168.100006,183.460007,33.000000,82.000000
168.100006,183.460007,33.000000,82.000000
168.100006,183.460007,33.000000,82.000000
168.100006,180.449997,33.000000,82.000000
168.100006,180.949997,33.000000,81.000000
168.100006,178.009995,33.000000,81.000000
168.100006,180.949997,33.000000,81.000000
168.600006,181.949997,32.000000,79.000000
166.289993,182.949997,31.000000,77.000000
166.289993,183.449997,31.000000,76.000000
166.289993,182.949997,31.000000,77.000000
165.789993,181.949997,32.000000,79.000000
162.880005,181.949997,32.000000,79.000000
159.440002,180.949997,33.000000,81.000000
159.440002,180.949997,33.000000,81.000000
159.940002,181.949997,32.000000,79.000000
159.940002,181.949997,32.000000,79.000000
158.490005,181.949997,32.000000,79.000000
158.490005,181.949997,32.000000,79.000000
156.169998,185.759995,31.000000,77.000000
156.169998,186.259995,31.000000,76.000000
156.169998,186.259995,31.000000,76.000000
153.369995,186.259995,31.000000,76.000000
153.869995,187.259995,30.000000,74.000000
151.160004,187.259995,30.000000,74.000000
153.869995,187.259995,30.000000,74.000000
153.369995,186.259995,31.000000,76.000000
150.570007,186.259995,31.000000,76.000000
144.960007,186.259995,31.000000,76.000000
146.360001,186.259995,31.000000,76.000000
146.360001,183.460007,31.000000,76.000000
146.360001,182.960007,31.000000,77.000000
146.360001,182.960007,31.000000,77.000000
146.360001,182.960007,31.000000,77.000000
142.960007,181.960007,32.000000,79.000000
142.960007,184.869995,32.000000,79.000000
145.399994,183.869995,33.000000,81.000000
145.399994,183.869995,33.000000,81.000000
145.399994,183.869995,33.000000,81.000000
148.339996,183.869995,33.000000,81.000000
151.289993,183.869995,33.000000,81.000000
151.289993,183.869995,33.000000,81.000000
154.229996,180.919998,33.000000,81.000000
154.229996,180.919998,33.000000,81.000000
157.179993,177.979996,33.000000,81.000000
160.119995,177.979996,33.000000,81.000000
160.119995,177.979996,33.000000,81.000000
163.070007,177.979996,33.000000,81.000000
166.009995,177.979996,33.000000,81.000000
166.009995,177.979996,33.000000,81.000000
168.960007,177.979996,33.000000,81.000000
171.970001,177.479996,33.000000,82.000000
174.509995,176.479996,34.000000,84.000000
177.149994,175.479996,35.000000,86.000000
180.300003,175.479996,35.000000,86.000000
180.800003,176.479996,34.000000,84.000000
186.889999,176.479996,34.000000,84.000000
189.940002,176.479996,34.000000,84.000000
192.990005,176.479996,34.000000,84.000000
196.029999,176.479996,34.000000,84.000000
197.559998,176.479996,34.000000,84.000000
197.559998,176.479996,34.000000,84.000000
200.610001,176.479996,34.000000,84.000000
200.610001,176.479996,34.000000,84.000000
200.610001,177.240005,34.000000,84.000000
200.610001,177.240005,34.000000,84.000000
200.610001,177.240005,34.000000,84.000000
200.610001,177.240005,34.000000,84.000000
200.610001,180.289993,34.000000,84.000000
200.610001,179.529999,34.000000,84.000000
200.610001,179.529999,34.000000,84.000000
200.610001,179.529999,34.000000,84.000000
200.610001,176.479996,34.000000,84.000000
200.610001,176.479996,34.000000,84.000000
200.610001,176.479996,34.000000,84.000000
202.889999,176.479996,34.000000,84.000000
202.389999,175.479996,35.000000,86.000000
205.529999,175.479996,35.000000,86.000000
205.529999,171.830002,35.000000,87.000000
206.320007,171.830002,35.000000,87.000000
209.070007,167.580002,36.000000,89.000000
209.070007,167.580002,36.000000,89.000000
212.309998,164.339996,36.000000,89.000000
212.309998,164.339996,36.000000,89.000000
215.550003,164.339996,36.000000,89.000000
215.050003,163.339996,37.000000,91.000000
218.410004,158.979996,37.000000,93.000000
218.410004,158.979996,37.000000,93.000000
221.770004,158.979996,37.000000,93.000000
221.770004,155.619995,37.000000,93.000000
221.770004,155.619995,37.000000,93.000000
225.130005,155.619995,37.000000,93.000000
224.630005,155.119995,38.000000,94.000000
224.630005,155.119995,38.000000,94.000000
224.630005,155.119995,38.000000,94.000000
224.630005,155.119995,38.000000,94.000000
224.630005,155.119995,38.000000,94.000000
224.630005,155.119995,38.000000,94.000000
224.630005,155.119995,38.000000,94.000000
224.630005,155.119995,38.000000,94.000000
224.630005,155.119995,38.000000,94.000000
224.630005,155.119995,38.000000,94.000000
224.630005,154.259995,38.000000,94.000000
224.630005,154.259995,38.000000,94.000000
224.630005,154.259995,38.000000,94.000000
224.630005,154.259995,38.000000,94.000000
224.630005,154.259995,38.000000,94.000000
224.630005,154.259995,38.000000,94.000000
224.630005,154.259995,38.000000,94.000000
224.630005,154.259995,38.000000,94.000000
224.630005,154.259995,38.000000,94.000000
224.630005,154.259995,38.000000,94.000000
224.630005,154.259995,38.000000,94.000000
224.630005,154.259995,38.000000,94.000000
224.630005,154.259995,38.000000,94.000000
224.630005,154.259995,38.000000,94.000000
224.630005,154.259995,38.000000,94.000000
224.630005,154.259995,38.000000,94.000000
224.630005,154.259995,38.000000,94.000000
224.630005,154.259995,38.000000,94.000000
224.630005,154.259995,38.000000,94.000000
224.630005,154.259995,38.000000,94.000000
224.630005,154.259995,38.000000,94.000000
224.630005,154.259995,38.000000,94.000000
228.070007,154.259995,38.000000,94.000000
228.070007,157.699997,38.000000,94.000000
228.070007,157.699997,38.000000,94.000000
228.570007,158.199997,37.000000,93.000000
228.570007,162.539993,37.000000,91.000000
228.570007,162.539993,37.000000,91.000000
229.070007,166.779999,36.000000,89.000000
228.570007,165.779999,37.000000,91.000000
228.570007,165.779999,37.000000,91.000000
226.059998,165.779999,37.000000,91.000000
226.059998,162.449997,37.000000,91.000000
226.559998,163.449997,36.000000,89.000000
223.320007,163.449997,36.000000,89.000000
223.320007,160.199997,36.000000,89.000000
223.820007,161.199997,35.000000,87.000000
220.679993,161.699997,35.000000,86.000000
220.679993,158.559998,35.000000,86.000000
221.179993,156.520004,34.000000,84.000000
221.179993,156.520004,34.000000,84.000000
221.179993,153.470001,34.000000,84.000000
221.179993,153.470001,34.000000,84.000000
221.179993,153.470001,34.000000,84.000000
220.679993,149.330002,35.000000,86.000000
220.679993,149.330002,35.000000,86.000000
220.679993,149.330002,35.000000,86.000000
220.679993,148.830002,35.000000,87.000000
220.179993,147.830002,36.000000,89.000000
216.940002,147.830002,36.000000,89.000000
216.940002,147.830002,36.000000,89.000000
216.940002,147.830002,36.000000,89.000000
216.940002,151.070007,36.000000,89.000000
216.440002,150.070007,37.000000,91.000000
213.100006,150.070007,37.000000,91.000000
213.100006,149.070007,37.000000,93.000000
213.100006,149.070007,37.000000,93.000000
209.740005,152.429993,37.000000,93.000000
209.740005,152.429993,37.000000,93.000000
208.059998,155.789993,37.000000,93.000000
204.699997,152.429993,37.000000,93.000000
204.699997,155.789993,37.000000,93.000000
201.350006,155.789993,37.000000,93.000000
201.350006,155.789993,37.000000,93.000000
197.990005,155.789993,37.000000,93.000000
197.990005,155.789993,37.000000,93.000000
197.990005,155.789993,37.000000,93.000000
194.630005,152.429993,37.000000,93.000000
194.630005,152.429993,37.000000,93.000000
194.630005,152.429993,37.000000,93.000000
194.630005,152.429993,37.000000,93.000000
194.630005,152.429993,37.000000,93.000000
194.630005,152.429993,37.000000,93.000000
194.630005,153.429993,37.000000,91.000000
191.289993,153.429993,37.000000,91.000000
191.289993,153.429993,37.000000,91.000000
191.289993,156.759995,37.000000,91.000000
187.960007,156.759995,37.000000,91.000000
187.960007,156.759995,37.000000,91.000000
187.960007,160.100006,37.000000,91.000000
187.960007,160.100006,37.000000,91.000000
187.960007,160.100006,37.000000,91.000000
187.960007,156.759995,37.000000,91.000000
188.460007,157.759995,36.000000,89.000000
188.460007,154.520004,36.000000,89.000000
191.699997,154.520004,36.000000,89.000000
192.199997,155.520004,35.000000,87.000000
192.199997,155.520004,35.000000,87.000000
195.350006,155.520004,35.000000,87.000000
195.350006,155.520004,35.000000,87.000000
195.350006,155.520004,35.000000,87.000000
195.350006,154.729996,35.000000,87.000000
195.350006,154.729996,35.000000,87.000000
195.350006,154.729996,35.000000,87.000000
195.350006,154.729996,35.000000,87.000000
195.350006,154.729996,35.000000,87.000000
194.559998,154.729996,35.000000,87.000000
192.990005,154.729996,35.000000,87.000000
192.990005,153.949997,35.000000,87.000000
192.490005,152.949997,36.000000,89.000000
191.679993,152.949997,36.000000,89.000000
189.509995,150.279999,37.000000,91.000000
189.509995,150.279999,37.000000,91.000000
189.509995,150.279999,37.000000,91.000000
189.509995,149.440002,37.000000,91.000000
189.509995,149.440002,37.000000,91.000000
189.509995,149.440002,37.000000,91.000000
189.509995,149.440002,37.000000,91.000000
189.509995,149.440002,37.000000,91.000000
189.509995,149.440002,37.000000,91.000000
189.509995,148.440002,37.000000,93.000000
192.449997,147.940002,38.000000,94.000000
192.449997,147.940002,38.000000,94.000000
195.889999,147.940002,38.000000,94.000000
195.889999,147.940002,38.000000,94.000000
195.889999,147.940002,38.000000,94.000000
196.750000,147.940002,38.000000,94.000000
199.779999,143.410004,39.000000,96.000000
199.779999,143.410004,39.000000,96.000000
199.279999,142.410004,40.000000,98.000000
198.779999,137.750000,41.000000,100.000000
195.119995,137.750000,41.000000,100.000000
195.119995,136.750000,41.000000,102.000000
195.119995,136.750000,41.000000,102.000000
195.119995,136.750000,41.000000,102.000000
195.119995,140.490005,41.000000,102.000000
195.119995,140.490005,41.000000,102.000000
195.119995,140.490005,41.000000,102.000000
195.119995,140.490005,41.000000,102.000000
195.119995,145.149994,41.000000,100.000000
195.119995,144.149994,41.000000,102.000000
198.399994,143.149994,42.000000,104.000000
197.899994,142.149994,43.000000,106.000000
197.899994,142.149994,43.000000,106.000000
197.899994,138.279999,43.000000,106.000000
201.770004,138.279999,43.000000,106.000000
201.270004,137.279999,44.000000,108.000000
201.270004,137.279999,44.000000,108.000000
205.229996,137.279999,44.000000,108.000000
205.229996,141.240005,44.000000,108.000000
209.190002,141.240005,44.000000,108.000000
209.190002,141.240005,44.000000,108.000000
213.149994,141.240005,44.000000,108.000000
217.119995,141.240005,44.000000,108.000000
223.059998,141.240005,44.000000,108.000000
227.020004,141.240005,44.000000,108.000000
227.020004,141.240005,44.000000,108.000000
230.979996,141.240005,44.000000,108.000000
230.979996,141.240005,44.000000,108.000000
232.970001,141.240005,44.000000,108.000000
232.970001,141.240005,44.000000,108.000000
236.929993,141.240005,44.000000,108.000000
236.929993,141.240005,44.000000,108.000000
236.929993,144.210007,44.000000,108.000000
236.929993,144.210007,44.000000,108.000000
240.889999,144.210007,44.000000,108.000000
240.889999,144.210007,44.000000,108.000000
244.850006,144.210007,44.000000,108.000000
244.850006,144.210007,44.000000,108.000000
244.850006,148.179993,44.000000,108.000000
247.830002,148.179993,44.000000,108.000000
248.330002,149.179993,43.000000,106.000000
248.830002,150.179993,42.000000,104.000000
248.830002,150.179993,42.000000,104.000000
248.830002,150.179993,42.000000,104.000000
252.600006,146.399994,42.000000,104.000000
252.600006,146.399994,42.000000,104.000000
252.600006,146.399994,42.000000,104.000000
248.830002,150.179993,42.000000,104.000000
248.830002,150.179993,42.000000,104.000000
248.830002,150.179993,42.000000,104.000000
252.600006,146.399994,42.000000,104.000000
252.600006,146.399994,42.000000,104.000000
248.229996,145.399994,43.000000,106.000000
248.229996,145.399994,43.000000,106.000000
248.729996,146.399994,42.000000,104.000000
244.960007,146.399994,42.000000,104.000000
241.179993,146.399994,42.000000,104.000000
237.399994,146.399994,42.000000,104.000000
237.399994,146.399994,42.000000,104.000000
237.399994,146.399994,42.000000,104.000000
233.619995,146.399994,42.000000,104.000000
233.619995,146.399994,42.000000,104.000000
233.619995,146.399994,42.000000,104.000000
229.850006,146.399994,42.000000,104.000000
229.850006,150.179993,42.000000,104.000000
228.899994,150.179993,42.000000,104.000000
228.899994,150.179993,42.000000,104.000000
225.130005,150.179993,42.000000,104.000000
225.130005,150.179993,42.000000,104.000000
225.130005,150.179993,42.000000,104.000000
225.130005,150.179993,42.000000,104.000000
223.240005,150.179993,42.000000,104.000000
222.740005,149.179993,43.000000,106.000000
222.740005,149.179993,43.000000,106.000000
222.740005,145.309998,43.000000,106.000000
222.740005,145.309998,43.000000,106.000000
222.740005,149.179993,43.000000,106.000000
222.740005,149.179993,43.000000,106.000000
222.740005,149.179993,43.000000,106.000000
222.740005,149.179993,43.000000,106.000000
227.009995,150.179993,42.000000,104.000000
230.789993,150.179993,42.000000,104.000000
230.789993,150.179993,42.000000,104.000000
234.570007,150.179993,42.000000,104.000000
236.000000,151.179993,41.000000,102.000000
239.740005,151.179993,41.000000,102.000000
239.740005,151.179993,41.000000,102.000000
243.479996,151.179993,41.000000,102.000000
243.929993,150.179993,42.000000,104.000000
247.300003,149.179993,43.000000,106.000000
250.759995,144.210007,44.000000,108.000000
251.750000,148.179993,44.000000,108.000000
255.710007,148.179993,44.000000,108.000000
256.209991,149.179993,43.000000,106.000000
256.209991,149.179993,43.000000,106.000000
258.149994,149.179993,43.000000,106.000000
262.019989,149.179993,43.000000,106.000000
262.019989,149.179993,43.000000,106.000000
266.290009,153.949997,42.000000,104.000000
270.070007,153.949997,42.000000,104.000000
270.570007,154.949997,41.000000,102.000000
274.309998,154.949997,41.000000,102.000000
274.309998,154.949997,41.000000,102.000000
278.049988,154.949997,41.000000,102.000000
278.049988,154.949997,41.000000,102.000000
281.790009,154.949997,41.000000,102.000000
281.790009,154.949997,41.000000,102.000000
281.790009,154.949997,41.000000,102.000000
281.790009,154.949997,41.000000,102.000000
281.790009,154.949997,41.000000,102.000000
282.720001,154.949997,41.000000,102.000000
284.549988,159.619995,41.000000,100.000000
284.549988,158.619995,41.000000,102.000000
288.290009,158.619995,41.000000,102.000000
288.290009,158.619995,41.000000,102.000000
288.290009,159.619995,41.000000,100.000000
292.029999,158.619995,41.000000,102.000000
292.029999,159.619995,41.000000,100.000000
295.700012,159.619995,41.000000,100.000000
295.700012,158.619995,41.000000,102.000000
299.440002,158.619995,41.000000,102.000000
299.880005,153.839996,42.000000,104.000000
303.250000,152.839996,43.000000,106.000000
303.250000,156.710007,43.000000,106.000000
307.119995,156.710007,43.000000,106.000000
309.049988,156.710007,43.000000,106.000000
309.549988,155.710007,44.000000,108.000000
313.510010,155.710007,44.000000,108.000000
317.880005,160.580002,43.000000,106.000000
317.380005,159.580002,44.000000,108.000000
316.880005,158.080002,45.000000,111.000000
320.540009,157.080002,46.000000,113.000000
321.579987,157.080002,46.000000,113.000000
325.730011,157.080002,46.000000,113.000000
325.230011,156.080002,47.000000,115.000000
324.730011,155.080002,48.000000,117.000000
324.730011,153.580002,48.000000,120.000000
329.109985,153.580002,48.000000,120.000000
329.109985,153.580002,48.000000,120.000000
329.109985,153.580002,48.000000,120.000000
329.109985,153.580002,48.000000,120.000000
328.609985,152.580002,49.000000,122.000000
328.609985,152.580002,49.000000,122.000000
328.609985,152.580002,49.000000,122.000000
333.079987,152.580002,49.000000,122.000000
333.079987,152.580002,49.000000,122.000000
333.079987,152.580002,49.000000,122.000000
333.720001,151.080002,50.000000,125.000000
