1
82.000000,146.110001,27.000000,25.000000
82.000000,144.729996,27.000000,25.000000
82.000000,143.339996,27.000000,25.000000
82.000000,143.339996,27.000000,25.000000
81.000000,140.470001,29.000000,27.000000
81.000000,138.979996,29.000000,27.000000
81.000000,137.490005,29.000000,27.000000
82.019997,135.470001,30.000000,28.000000
81.019997,132.949997,32.000000,29.000000
81.019997,131.339996,32.000000,29.000000
79.519997,131.339996,31.000000,29.000000
81.050003,127.180000,32.000000,30.000000
79.430000,127.180000,32.000000,30.000000
78.430000,124.099998,34.000000,31.000000
78.430000,121.949997,34.000000,31.000000
78.430000,118.080002,34.000000,31.000000
78.430000,114.209999,34.000000,31.000000
74.559998,114.209999,34.000000,31.000000
72.839996,110.339996,34.000000,31.000000
72.839996,108.199997,34.000000,31.000000
72.839996,104.330002,34.000000,31.000000
75.449997,101.019997,33.000000,30.000000
78.820000,94.930000,34.000000,31.000000
78.820000,94.430000,34.000000,32.000000
80.120003,92.180000,35.000000,32.000000
81.449997,87.570000,36.000000,33.000000
83.730003,85.290001,36.000000,33.000000
86.029999,82.949997,36.000000,34.000000
87.440002,82.949997,37.000000,34.000000
90.239998,81.110001,36.000000,34.000000
91.639999,79.199997,37.000000,34.000000
91.639999,77.300003,37.000000,34.000000
91.639999,74.910004,37.000000,34.000000
89.260002,70.620003,37.000000,34.000000
87.349998,68.720001,37.000000,34.000000
85.449997,66.330002,37.000000,34.000000
83.019997,63.900002,38.000000,35.000000
80.500000,61.389999,39.000000,36.000000
80.500000,59.380001,39.000000,36.000000
78.489998,57.360001,39.000000,36.000000
78.989998,55.930000,38.000000,35.000000
77.059998,55.930000,38.000000,35.000000
76.559998,55.430000,39.000000,36.000000
76.559998,55.430000,39.000000,36.000000
77.059998,54.000000,38.000000,35.000000
77.059998,55.930000,38.000000,35.000000
75.120003,55.930000,38.000000,35.000000
75.620003,58.340000,37.000000,34.000000
73.720001,58.340000,37.000000,34.000000
75.150002,57.840000,38.000000,35.000000
73.739998,60.720001,37.000000,34.000000
75.650002,60.720001,37.000000,34.000000
75.650002,62.630001,37.000000,34.000000
77.559998,62.630001,37.000000,34.000000
79.459999,66.440002,37.000000,34.000000
79.959999,70.580002,36.000000,34.000000
82.260002,72.879997,36.000000,34.000000
84.559998,75.180000,36.000000,34.000000
86.400002,77.019997,36.000000,34.000000
85.900002,78.919998,37.000000,34.000000
88.279999,78.919998,37.000000,34.000000
90.190002,78.919998,37.000000,34.000000
89.690002,80.360001,38.000000,35.000000
91.199997,79.860001,39.000000,36.000000
93.720001,77.839996,39.000000,36.000000
93.720001,79.860001,39.000000,36.000000
94.730003,79.860001,39.000000,36.000000
94.730003,79.860001,39.000000,36.000000
96.739998,79.860001,39.000000,36.000000
96.739998,79.860001,39.000000,36.000000
94.730003,81.370003,39.000000,36.000000
94.730003,81.370003,39.000000,36.000000
94.730003,81.370003,39.000000,36.000000
94.730003,81.370003,39.000000,36.000000
94.730003,81.370003,39.000000,36.000000
94.730003,81.370003,39.000000,36.000000
94.730003,79.349998,39.000000,36.000000
94.730003,79.349998,39.000000,36.000000
94.730003,79.349998,39.000000,36.000000
94.730003,79.349998,39.000000,36.000000
94.730003,79.349998,39.000000,36.000000
94.730003,79.349998,39.000000,36.000000
94.730003,77.339996,39.000000,36.000000
97.160004,75.910004,38.000000,35.000000
97.160004,75.910004,38.000000,35.000000
97.160004,75.910004,38.000000,35.000000
97.160004,75.910004,38.000000,35.000000
97.160004,75.910004,38.000000,35.000000
97.160004,75.910004,38.000000,35.000000
99.089996,73.970001,38.000000,35.000000
99.089996,73.970001,38.000000,35.000000
99.089996,73.970001,38.000000,35.000000
99.089996,73.970001,38.000000,35.000000
99.089996,73.970001,38.000000,35.000000
99.089996,73.970001,38.000000,35.000000
99.089996,73.970001,38.000000,35.000000
99.089996,73.970001,38.000000,35.000000
99.089996,73.970001,38.000000,35.000000
99.089996,73.970001,38.000000,35.000000
101.029999,72.040001,38.000000,35.000000
101.029999,72.040001,38.000000,35.000000
102.959999,70.110001,38.000000,35.000000
104.889999,70.110001,38.000000,35.000000
106.820000,68.169998,38.000000,35.000000
106.820000,68.169998,38.000000,35.000000
108.760002,68.169998,38.000000,35.000000
108.760002,68.169998,38.000000,35.000000
106.820000,68.169998,38.000000,35.000000
106.820000,70.110001,38.000000,35.000000
104.889999,70.110001,38.000000,35.000000
104.889999,70.110001,38.000000,35.000000
104.889999,70.110001,38.000000,35.000000
104.889999,70.110001,38.000000,35.000000
104.889999,70.110001,38.000000,35.000000
102.959999,72.040001,38.000000,35.000000
102.959999,73.970001,38.000000,35.000000
102.459999,75.489998,39.000000,36.000000
104.470001,75.489998,39.000000,36.000000
104.470001,77.500000,39.000000,36.000000
102.459999,77.500000,39.000000,36.000000
102.459999,77.500000,39.000000,36.000000
102.459999,77.000000,39.000000,36.000000
101.959999,77.010002,40.000000,37.000000
101.459999,78.629997,41.000000,38.000000
100.959999,78.129997,42.000000,39.000000
100.459999,80.290001,43.000000,39.000000
100.459999,79.790001,43.000000,40.000000
100.459999,79.790001,43.000000,40.000000
100.459999,82.010002,43.000000,40.000000
99.959999,81.510002,44.000000,41.000000
97.709999,83.760002,44.000000,41.000000
97.709999,83.760002,44.000000,41.000000
98.209999,86.489998,43.000000,40.000000
97.089996,86.489998,43.000000,40.000000
99.250000,86.989998,43.000000,39.000000
99.250000,86.989998,43.000000,39.000000
99.250000,89.150002,43.000000,39.000000
99.750000,89.150002,42.000000,39.000000
102.370003,89.650002,41.000000,38.000000
102.370003,87.529999,41.000000,38.000000
104.489998,87.529999,41.000000,38.000000
104.989998,85.989998,40.000000,37.000000
108.010002,86.489998,39.000000,36.000000
110.019997,84.480003,39.000000,36.000000
112.029999,84.480003,39.000000,36.000000
114.050003,82.459999,39.000000,36.000000
114.050003,82.459999,39.000000,36.000000
116.059998,80.449997,39.000000,36.000000
116.059998,80.449997,39.000000,36.000000
116.059998,80.449997,39.000000,36.000000
116.059998,80.449997,39.000000,36.000000
117.059998,80.449997,39.000000,36.000000
117.059998,80.449997,39.000000,36.000000
117.059998,80.449997,39.000000,36.000000
117.059998,80.449997,39.000000,36.000000
117.059998,80.449997,39.000000,36.000000
117.059998,80.449997,39.000000,36.000000
117.059998,78.440002,39.000000,36.000000
117.059998,78.440002,39.000000,36.000000
117.059998,76.430000,39.000000,36.000000
117.059998,76.430000,39.000000,36.000000
117.059998,74.410004,39.000000,36.000000
117.059998,74.410004,39.000000,36.000000
117.059998,74.410004,39.000000,36.000000
119.080002,74.410004,39.000000,36.000000
119.080002,74.410004,39.000000,36.000000
119.080002,74.410004,39.000000,36.000000
121.089996,72.400002,39.000000,36.000000
121.089996,72.400002,39.000000,36.000000
123.099998,72.400002,39.000000,36.000000
123.099998,72.400002,39.000000,36.000000
125.120003,71.900002,39.000000,36.000000
125.120003,69.879997,39.000000,36.000000
127.129997,67.870003,39.000000,36.000000
127.129997,67.870003,39.000000,36.000000
127.129997,67.870003,39.000000,36.000000
127.129997,67.870003,39.000000,36.000000
129.139999,67.870003,39.000000,36.000000
129.139999,67.870003,39.000000,36.000000
129.139999,67.870003,39.000000,36.000000
129.139999,67.870003,39.000000,36.000000
131.160004,69.879997,39.000000,36.000000
131.160004,69.879997,39.000000,36.000000
133.169998,69.879997,39.000000,36.000000
135.179993,71.900002,39.000000,36.000000
135.179993,71.900002,39.000000,36.000000
137.190002,73.910004,39.000000,36.000000
139.210007,73.910004,39.000000,36.000000
141.220001,75.919998,39.000000,36.000000
141.220001,75.919998,39.000000,36.000000
141.220001,77.940002,39.000000,36.000000
141.220001,77.940002,39.000000,36.000000
139.210007,79.949997,39.000000,36.000000
139.210007,81.959999,39.000000,36.000000
139.710007,82.459999,38.000000,35.000000
137.289993,84.389999,38.000000,35.000000
134.779999,83.889999,39.000000,36.000000
135.279999,84.389999,38.000000,35.000000
133.350006,84.389999,38.000000,35.000000
133.350006,84.389999,38.000000,35.000000
133.350006,84.389999,38.000000,35.000000
130.929993,84.389999,38.000000,35.000000
129.520004,84.889999,37.000000,34.000000
128.179993,83.050003,36.000000,34.000000
128.179993,83.050003,36.000000,34.000000
128.179993,83.050003,36.000000,34.000000
126.360001,83.550003,36.000000,33.000000
126.360001,83.550003,36.000000,33.000000
126.360001,85.839996,36.000000,33.000000
124.519997,87.180000,36.000000,34.000000
122.220001,89.019997,36.000000,34.000000
122.220001,88.099998,36.000000,34.000000
119.459999,88.099998,36.000000,34.000000
119.459999,88.099998,36.000000,34.000000
119.459999,86.260002,36.000000,34.000000
118.959999,84.349998,37.000000,34.000000
117.050003,84.349998,37.000000,34.000000
115.150002,84.349998,37.000000,34.000000
115.150002,84.349998,37.000000,34.000000
113.239998,84.349998,37.000000,34.000000
113.239998,84.349998,37.000000,34.000000
113.239998,84.349998,37.000000,34.000000
113.239998,84.349998,37.000000,34.000000
115.150002,84.349998,37.000000,34.000000
115.150002,84.349998,37.000000,34.000000
115.150002,84.349998,37.000000,34.000000
115.650002,84.349998,36.000000,34.000000
117.480003,84.349998,36.000000,34.000000
119.779999,84.349998,36.000000,34.000000
121.620003,84.349998,36.000000,34.000000
121.620003,84.349998,36.000000,34.000000
125.300003,82.510002,36.000000,34.000000
127.139999,82.050003,36.000000,34.000000
127.139999,82.050003,36.000000,34.000000
128.979996,82.050003,36.000000,34.000000
130.820007,80.209999,36.000000,34.000000
130.820007,80.209999,36.000000,34.000000
132.660004,80.209999,36.000000,34.000000
134.500000,78.370003,36.000000,34.000000
136.339996,78.370003,36.000000,34.000000
138.639999,76.529999,36.000000,34.000000
140.479996,76.529999,36.000000,34.000000
144.619995,74.690002,36.000000,34.000000
146.029999,74.690002,37.000000,34.000000
147.929993,74.690002,37.000000,34.000000
149.839996,74.690002,37.000000,34.000000
156.039993,72.790001,37.000000,34.000000
158.419998,72.790001,37.000000,34.000000
159.850006,72.290001,38.000000,35.000000
159.350006,69.269997,39.000000,36.000000
159.350006,69.269997,39.000000,36.000000
159.350006,67.260002,39.000000,36.000000
159.350006,65.239998,39.000000,36.000000
157.339996,65.239998,39.000000,36.000000
157.339996,63.230000,39.000000,36.000000
155.330002,63.230000,39.000000,36.000000
155.330002,61.220001,39.000000,36.000000
155.330002,59.209999,39.000000,36.000000
155.330002,59.209999,39.000000,36.000000
155.330002,57.189999,39.000000,36.000000
157.339996,57.189999,39.000000,36.000000
157.339996,55.180000,39.000000,36.000000
159.860001,53.169998,39.000000,36.000000
161.869995,51.150002,39.000000,36.000000
163.880005,49.139999,39.000000,36.000000
165.889999,47.130001,39.000000,36.000000
165.889999,47.130001,39.000000,36.000000
168.410004,44.610001,39.000000,36.000000
170.419998,42.599998,39.000000,36.000000
172.440002,40.590000,39.000000,36.000000
172.440002,40.590000,39.000000,36.000000
172.440002,40.590000,39.000000,36.000000
174.449997,38.570000,39.000000,36.000000
174.449997,38.570000,39.000000,36.000000
174.449997,40.590000,39.000000,36.000000
174.449997,40.590000,39.000000,36.000000
176.460007,40.590000,39.000000,36.000000
176.460007,40.590000,39.000000,36.000000
176.460007,40.590000,39.000000,36.000000
176.460007,40.590000,39.000000,36.000000
176.460007,40.590000,39.000000,36.000000
176.460007,42.599998,39.000000,36.000000
176.460007,42.599998,39.000000,36.000000
176.460007,42.599998,39.000000,36.000000
176.460007,42.599998,39.000000,36.000000
176.460007,42.599998,39.000000,36.000000
176.460007,44.610001,39.000000,36.000000
176.460007,44.610001,39.000000,36.000000
175.960007,44.610001,39.000000,36.000000
175.460007,44.610001,39.000000,36.000000
175.460007,44.610001,39.000000,36.000000
175.460007,44.610001,39.000000,36.000000
173.440002,46.619999,39.000000,36.000000
173.440002,46.619999,39.000000,36.000000
171.429993,46.619999,39.000000,36.000000
171.429993,46.619999,39.000000,36.000000
171.429993,46.619999,39.000000,36.000000
171.429993,46.619999,39.000000,36.000000
171.429993,46.619999,39.000000,36.000000
169.419998,46.619999,39.000000,36.000000
169.419998,46.619999,39.000000,36.000000
169.419998,46.619999,39.000000,36.000000
169.419998,46.619999,39.000000,36.000000
169.419998,46.619999,39.000000,36.000000
169.419998,46.619999,39.000000,36.000000
169.419998,46.619999,39.000000,36.000000
169.419998,46.619999,39.000000,36.000000
169.419998,44.610001,39.000000,36.000000
169.419998,44.610001,39.000000,36.000000
167.910004,44.610001,39.000000,36.000000
167.910004,44.610001,39.000000,36.000000
167.910004,44.610001,39.000000,36.000000
165.889999,44.610001,39.000000,36.000000
165.889999,44.610001,39.000000,36.000000
165.889999,44.610001,39.000000,36.000000
165.889999,44.610001,39.000000,36.000000
165.889999,44.610001,39.000000,36.000000
163.880005,44.610001,39.000000,36.000000
163.880005,44.610001,39.000000,36.000000
163.880005,44.610001,39.000000,36.000000
161.869995,44.610001,39.000000,36.000000
161.869995,46.619999,39.000000,36.000000
159.860001,46.619999,39.000000,36.000000
159.860001,48.639999,39.000000,36.000000
159.860001,48.639999,39.000000,36.000000
157.839996,50.650002,39.000000,36.000000
157.839996,50.650002,39.000000,36.000000
155.830002,50.650002,39.000000,36.000000
155.830002,50.650002,39.000000,36.000000
153.820007,52.660000,39.000000,36.000000
153.820007,52.660000,39.000000,36.000000
151.800003,52.660000,39.000000,36.000000
149.789993,54.680000,39.000000,36.000000
147.779999,54.680000,39.000000,36.000000
146.339996,57.590000,38.000000,35.000000
150.690002,55.660000,38.000000,35.000000
149.729996,57.590000,38.000000,35.000000
147.789993,59.529999,38.000000,35.000000
147.789993,59.529999,38.000000,35.000000
145.860001,61.459999,38.000000,35.000000
145.860001,63.389999,38.000000,35.000000
145.860001,63.389999,38.000000,35.000000
143.929993,63.389999,38.000000,35.000000
143.929993,63.389999,38.000000,35.000000
143.929993,63.389999,38.000000,35.000000
142.000000,63.389999,38.000000,35.000000
142.000000,63.389999,38.000000,35.000000
142.000000,63.389999,38.000000,35.000000
142.000000,63.389999,38.000000,35.000000
142.000000,63.389999,38.000000,35.000000
142.000000,63.389999,38.000000,35.000000
140.059998,63.389999,38.000000,35.000000
140.059998,61.459999,38.000000,35.000000
140.059998,61.459999,38.000000,35.000000
140.059998,61.459999,38.000000,35.000000
140.059998,61.459999,38.000000,35.000000
140.059998,63.389999,38.000000,35.000000
140.059998,63.389999,38.000000,35.000000
140.059998,65.320000,38.000000,35.000000
140.059998,67.260002,38.000000,35.000000
140.059998,69.190002,38.000000,35.000000
140.059998,71.120003,38.000000,35.000000
140.059998,71.120003,38.000000,35.000000
140.059998,73.059998,38.000000,35.000000
140.059998,74.989998,38.000000,35.000000
