1
317.549988,540.140015,14.000000,50.000000
309.649994,522.099976,15.000000,53.000000
307.920013,535.150024,15.000000,52.000000
2
0
0
0
0
1
310.119995,436.440002,17.000000,47.000000
325.880005,433.119995,17.000000,47.000000
341.589996,428.609985,18.000000,49.000000
341.589996,432.119995,18.000000,49.000000
346.839996,421.609985,18.000000,49.000000
357.359985,427.529999,17.000000,48.000000
373.119995,435.079987,17.000000,47.000000
388.880005,433.420013,17.000000,47.000000
394.239990,418.260010,17.000000,46.000000
378.480011,402.420013,17.000000,47.000000
376.820007,390.799988,17.000000,47.000000
375.149994,390.299988,17.000000,48.000000
376.809998,382.089996,17.000000,47.000000
368.570007,376.000000,17.000000,46.000000
352.910004,372.290009,17.000000,46.000000
347.549988,358.690002,17.000000,46.000000
349.200012,348.799988,17.000000,46.000000
348.140015,335.019989,16.000000,44.000000
349.709991,319.640015,16.000000,45.000000
362.630005,330.600006,16.000000,45.000000
2
0
0
0
0
1
447.200012,276.989990,22.000000,61.000000
455.859985,287.809998,22.000000,61.000000
460.209991,289.489990,22.000000,62.000000
442.260010,310.149994,22.000000,62.000000
435.149994,303.049988,23.000000,63.000000
426.040009,317.429993,23.000000,65.000000
403.630005,319.230011,24.000000,66.000000
381.720001,319.230011,24.000000,66.000000
358.329987,298.459991,25.000000,69.000000
2
0
0
0
0
1
246.880005,250.589996,22.000000,67.000000
269.130005,269.989990,22.000000,67.000000
291.290009,286.959991,22.000000,66.000000
313.440002,309.109985,22.000000,66.000000
335.690002,315.459991,22.000000,67.000000
331.839996,319.140015,21.000000,64.000000
338.890015,315.299988,21.000000,63.000000
348.100006,333.739990,21.000000,63.000000
354.609985,353.799988,21.000000,63.000000
350.269989,374.950012,21.000000,63.000000
348.160004,390.570007,20.000000,62.000000
326.519989,383.570007,21.000000,63.000000
305.269989,373.799988,21.000000,64.000000
294.429993,353.160004,21.000000,63.000000
291.649994,340.299988,22.000000,66.000000
298.500000,337.510010,22.000000,67.000000
293.940002,349.500000,22.000000,67.000000
293.940002,344.929993,22.000000,67.000000
297.380005,339.850006,22.000000,68.000000
295.089996,331.220001,22.000000,67.000000
283.679993,338.630005,22.000000,67.000000
292.850006,345.010010,22.000000,68.000000
311.769989,345.010010,22.000000,68.000000
304.350006,345.510010,22.000000,67.000000
284.950012,331.250000,22.000000,67.000000
287.230011,328.970001,22.000000,67.000000
296.320007,341.390015,22.000000,66.000000
306.019989,340.890015,22.000000,67.000000
301.450012,350.589996,22.000000,67.000000
308.299988,350.589996,22.000000,67.000000
320.279999,355.730011,22.000000,67.000000
324.850006,370.000000,22.000000,67.000000
336.829987,365.429993,22.000000,67.000000
343.109985,363.149994,22.000000,67.000000
340.829987,346.600006,22.000000,67.000000
349.959991,335.190002,22.000000,67.000000
372.109985,337.959991,22.000000,66.000000
394.260010,335.690002,22.000000,66.000000
399.399994,320.920013,22.000000,67.000000
390.269989,320.920013,22.000000,67.000000
395.399994,320.920013,22.000000,67.000000
411.950012,299.809998,22.000000,67.000000
414.790009,312.239990,22.000000,66.000000
436.950012,309.970001,22.000000,66.000000
459.100006,321.899994,22.000000,66.000000
471.079987,325.959991,22.000000,67.000000
478.500000,319.109985,22.000000,67.000000
478.500000,309.410004,22.000000,67.000000
483.640015,309.410004,22.000000,67.000000
495.049988,304.850006,22.000000,67.000000
513.880005,283.160004,22.000000,67.000000
528.140015,283.160004,22.000000,67.000000
544.690002,273.459991,22.000000,67.000000
561.309998,260.929993,22.000000,68.000000
568.729980,254.009995,22.000000,67.000000
578.479980,234.589996,22.000000,68.000000
585.349976,215.679993,22.000000,68.000000
592.770020,211.610001,22.000000,67.000000
604.750000,211.610001,22.000000,67.000000
609.890015,209.330002,22.000000,67.000000
600.799988,205.289993,22.000000,66.000000
581.400024,195.089996,22.000000,67.000000
576.859985,202.399994,22.000000,66.000000
567.200012,195.589996,22.000000,66.000000
553.000000,212.059998,22.000000,66.000000
541.070007,190.470001,22.000000,66.000000
533.690002,174.000000,22.000000,66.000000
511.429993,183.199997,22.000000,67.000000
2
0
0
0
0
1
493.500000,172.529999,29.000000,82.000000
502.390015,165.139999,28.000000,80.000000
519.159973,156.759995,28.000000,80.000000
540.130005,153.960007,28.000000,80.000000
