1
297.559998,138.440002,67.000000,81.000000
293.619995,142.380005,67.000000,81.000000
293.619995,146.330002,67.000000,81.000000
296.190002,144.830002,70.000000,84.000000
301.230011,145.330002,68.000000,83.000000
305.670013,150.270004,67.000000,81.000000
310.019989,151.270004,66.000000,79.000000
310.019989,151.270004,66.000000,79.000000
307.260010,151.770004,64.000000,78.000000
305.260010,149.270004,68.000000,83.000000
308.339996,148.770004,70.000000,84.000000
316.179993,142.559998,71.000000,86.000000
325.549988,137.350006,71.000000,86.000000
330.130005,134.270004,70.000000,84.000000
334.209991,134.270004,70.000000,84.000000
335.209991,130.740005,68.000000,83.000000
334.209991,130.240005,70.000000,84.000000
333.709991,129.240005,71.000000,86.000000
332.709991,122.889999,73.000000,88.000000
342.329987,117.550003,73.000000,88.000000
346.600006,112.199997,73.000000,88.000000
350.880005,112.199997,73.000000,88.000000
355.820007,111.699997,74.000000,89.000000
365.209991,115.099998,75.000000,91.000000
375.100006,124.989998,75.000000,91.000000
378.600006,128.490005,77.000000,93.000000
371.839996,117.120003,79.000000,95.000000
361.470001,102.139999,79.000000,95.000000
352.339996,88.510002,77.000000,93.000000
342.209991,84.010002,77.000000,93.000000
337.709991,79.510002,77.000000,93.000000
337.709991,79.510002,77.000000,93.000000
338.709991,80.510002,75.000000,91.000000
343.570007,91.309998,74.000000,89.000000
353.369995,105.459999,74.000000,89.000000
367.760010,124.129997,73.000000,88.000000
377.059998,133.429993,74.000000,89.000000
376.559998,128.039993,75.000000,91.000000
365.429993,111.279999,77.000000,93.000000
362.040009,94.699997,75.000000,91.000000
358.179993,85.900002,74.000000,89.000000
359.269989,81.550003,74.000000,89.000000
363.630005,81.550003,74.000000,89.000000
364.130005,82.050003,73.000000,88.000000
364.130005,91.669998,73.000000,88.000000
369.470001,101.290001,73.000000,88.000000
379.089996,120.529999,73.000000,88.000000
383.359985,136.559998,73.000000,88.000000
382.859985,140.419998,74.000000,89.000000
377.420013,126.260002,74.000000,89.000000
372.579987,107.519997,73.000000,88.000000
368.299988,126.760002,73.000000,88.000000
365.130005,123.589996,71.000000,86.000000
364.089996,127.760002,71.000000,86.000000
364.089996,131.929993,71.000000,86.000000
363.570007,146.539993,68.000000,83.000000
351.260010,138.669998,67.000000,81.000000
354.799988,155.830002,68.000000,83.000000
355.299988,174.570007,67.000000,81.000000
345.720001,169.539993,68.000000,83.000000
345.720001,169.539993,68.000000,83.000000
337.350006,152.789993,67.000000,81.000000
329.190002,145.130005,66.000000,79.000000
326.429993,145.630005,64.000000,78.000000
321.579987,145.130005,66.000000,79.000000
317.730011,148.979996,66.000000,79.000000
317.730011,153.789993,66.000000,79.000000
317.730011,166.309998,66.000000,79.000000
318.730011,183.699997,64.000000,78.000000
322.950012,209.789993,63.000000,76.000000
322.450012,221.929993,64.000000,78.000000
317.600006,221.429993,66.000000,79.000000
293.540009,185.820007,66.000000,79.000000
293.540009,173.309998,66.000000,79.000000
285.839996,160.800003,66.000000,79.000000
269.480011,135.779999,66.000000,79.000000
265.630005,131.929993,66.000000,79.000000
262.739990,131.929993,66.000000,79.000000
262.739990,136.740005,66.000000,79.000000
258.890015,145.399994,66.000000,79.000000
258.890015,157.919998,66.000000,79.000000
258.890015,179.089996,66.000000,79.000000
256.010010,187.750000,66.000000,79.000000
256.010010,187.750000,66.000000,79.000000
255.039993,175.240005,66.000000,79.000000
250.229996,187.750000,66.000000,79.000000
242.529999,182.940002,66.000000,79.000000
240.610001,183.899994,66.000000,79.000000
236.759995,188.710007,66.000000,79.000000
236.759995,192.559998,66.000000,79.000000
236.759995,192.559998,66.000000,79.000000
236.759995,192.559998,66.000000,79.000000
234.830002,196.410004,66.000000,79.000000
238.679993,196.410004,66.000000,79.000000
238.679993,193.520004,66.000000,79.000000
238.679993,193.520004,66.000000,79.000000
243.500000,186.789993,66.000000,79.000000
243.500000,184.860001,66.000000,79.000000
247.350006,183.899994,66.000000,79.000000
247.350006,180.050003,66.000000,79.000000
252.160004,175.240005,66.000000,79.000000
252.160004,171.389999,66.000000,79.000000
255.600006,165.460007,67.000000,81.000000
277.279999,129.000000,67.000000,81.000000
2
0
0
0
0
1
251.149994,155.080002,56.000000,63.000000
252.149994,169.169998,54.000000,61.000000
246.610001,157.589996,52.000000,58.000000
252.419998,160.500000,52.000000,58.000000
240.830002,151.509995,55.000000,62.000000
240.330002,147.029999,56.000000,63.000000
241.330002,141.100006,54.000000,61.000000
243.520004,140.100006,56.000000,63.000000
243.520004,136.119995,56.000000,63.000000
247.119995,132.740005,55.000000,62.000000
250.699997,137.089996,54.000000,61.000000
250.199997,133.479996,55.000000,62.000000
250.199997,136.589996,55.000000,62.000000
252.889999,136.089996,56.000000,63.000000
260.049988,139.270004,56.000000,63.000000
262.760010,138.770004,57.000000,64.000000
269.989990,138.770004,57.000000,64.000000
273.200012,138.770004,57.000000,64.000000
276.420013,138.770004,57.000000,64.000000
276.920013,139.270004,56.000000,63.000000
284.839996,147.199997,54.000000,61.000000
284.339996,149.809998,55.000000,62.000000
283.839996,156.470001,56.000000,63.000000
289.769989,155.970001,57.000000,64.000000
290.570007,152.759995,57.000000,64.000000
293.369995,151.759995,58.000000,66.000000
293.869995,152.759995,57.000000,64.000000
293.369995,151.759995,58.000000,66.000000
290.660004,152.759995,57.000000,64.000000
290.660004,152.759995,57.000000,64.000000
287.450012,155.970001,57.000000,64.000000
284.239990,152.759995,57.000000,64.000000
284.739990,153.259995,56.000000,63.000000
284.239990,152.759995,57.000000,64.000000
280.429993,148.460007,58.000000,66.000000
273.709991,145.440002,57.000000,64.000000
269.690002,142.229996,57.000000,64.000000
261.760010,141.229996,58.000000,66.000000
253.759995,137.399994,59.000000,67.000000
241.630005,140.320007,61.000000,68.000000
237.339996,143.750000,61.000000,68.000000
229.639999,143.750000,61.000000,68.000000
221.929993,143.750000,61.000000,68.000000
221.429993,139.229996,62.000000,70.000000
218.509995,143.660004,61.000000,68.000000
215.080002,143.660004,61.000000,68.000000
211.059998,142.660004,62.000000,70.000000
211.559998,143.660004,61.000000,68.000000
211.059998,142.660004,62.000000,70.000000
207.539993,147.050003,62.000000,70.000000
211.059998,151.449997,62.000000,70.000000
214.990005,154.500000,63.000000,71.000000
222.080002,156.270004,63.000000,71.000000
228.830002,159.389999,64.000000,72.000000
236.229996,162.130005,66.000000,74.000000
248.360001,165.860001,66.000000,74.000000
257.510010,170.479996,64.000000,72.000000
261.140015,170.479996,64.000000,72.000000
268.540009,169.479996,66.000000,74.000000
271.790009,177.440002,67.000000,75.000000
276.489990,181.199997,67.000000,75.000000
280.250000,184.960007,67.000000,75.000000
282.640015,183.960007,68.000000,77.000000
283.600006,187.809998,68.000000,77.000000
288.420013,187.809998,68.000000,77.000000
297.079987,187.809998,68.000000,77.000000
301.339996,188.809998,67.000000,75.000000
305.570007,193.039993,66.000000,74.000000
309.299988,193.039993,66.000000,74.000000
308.799988,192.539993,67.000000,75.000000
312.559998,192.539993,67.000000,75.000000
320.079987,187.839996,67.000000,75.000000
324.390015,182.990005,68.000000,77.000000
333.350006,180.229996,67.000000,75.000000
341.809998,180.229996,67.000000,75.000000
346.510010,176.470001,67.000000,75.000000
350.260010,184.929993,67.000000,75.000000
354.579987,187.779999,68.000000,77.000000
354.579987,191.630005,68.000000,77.000000
349.630005,182.259995,70.000000,78.000000
349.630005,169.429993,70.000000,78.000000
344.700012,156.610001,70.000000,78.000000
341.850006,152.300003,68.000000,77.000000
341.850006,155.190002,68.000000,77.000000
338.000000,163.850006,68.000000,77.000000
339.440002,178.009995,67.000000,75.000000
343.200012,190.220001,67.000000,75.000000
346.959991,193.979996,67.000000,75.000000
346.959991,186.460007,67.000000,75.000000
346.959991,174.250000,67.000000,75.000000
346.959991,161.089996,67.000000,75.000000
343.200012,152.639999,67.000000,75.000000
343.700012,144.740005,66.000000,74.000000
343.700012,144.740005,66.000000,74.000000
343.700012,153.139999,66.000000,74.000000
335.299988,165.270004,66.000000,74.000000
339.029999,173.660004,66.000000,74.000000
330.640015,177.389999,66.000000,74.000000
319.850006,174.770004,64.000000,72.000000
311.700012,162.080002,64.000000,72.000000
308.649994,154.600006,63.000000,71.000000
305.630005,154.229996,62.000000,70.000000
306.130005,155.229996,61.000000,68.000000
302.970001,159.889999,59.000000,67.000000
300.160004,171.130005,58.000000,66.000000
299.059998,182.570007,57.000000,64.000000
299.559998,190.240005,56.000000,63.000000
303.160004,193.839996,55.000000,62.000000
306.269989,189.960007,55.000000,62.000000
306.769989,184.300003,54.000000,61.000000
308.309998,177.380005,54.000000,61.000000
308.809998,171.660004,53.000000,59.000000
309.309998,172.160004,52.000000,58.000000
309.309998,175.789993,52.000000,58.000000
309.309998,183.779999,52.000000,58.000000
306.399994,190.320007,52.000000,58.000000
306.399994,193.220001,52.000000,58.000000
300.589996,183.779999,52.000000,58.000000
296.959991,174.339996,52.000000,58.000000
294.049988,167.800003,52.000000,58.000000
291.149994,164.889999,52.000000,58.000000
291.649994,162.520004,51.000000,57.000000
292.149994,165.809998,50.000000,56.000000
292.649994,171.860001,49.000000,55.000000
292.649994,180.869995,49.000000,55.000000
295.420013,184.330002,49.000000,55.000000
295.920013,184.830002,48.000000,54.000000
299.750000,170.669998,47.000000,53.000000
302.839996,179.580002,46.000000,52.000000
305.420013,185.389999,46.000000,52.000000
307.200012,188.449997,45.000000,51.000000
307.700012,186.470001,44.000000,50.000000
308.200012,179.000000,43.000000,49.000000
306.329987,168.830002,42.000000,48.000000
306.329987,161.660004,42.000000,47.000000
306.329987,154.000000,42.000000,47.000000
306.829987,149.830002,41.000000,46.000000
307.329987,148.080002,40.000000,45.000000
307.829987,151.360001,39.000000,44.000000
310.480011,156.690002,38.000000,43.000000
310.480011,159.369995,38.000000,43.000000
312.619995,159.369995,38.000000,43.000000
311.010010,151.639999,39.000000,44.000000
308.779999,141.619995,39.000000,44.000000
309.279999,133.539993,38.000000,43.000000
309.279999,129.240005,38.000000,42.000000
309.779999,127.120003,37.000000,42.000000
310.279999,129.660004,36.000000,41.000000
308.260010,134.720001,36.000000,40.000000
306.230011,141.300003,36.000000,40.000000
306.230011,145.360001,36.000000,40.000000
303.679993,142.309998,36.000000,41.000000
299.100006,135.679993,36.000000,41.000000
299.100006,129.050003,36.000000,41.000000
297.059998,126.510002,36.000000,41.000000
297.059998,124.470001,36.000000,41.000000
294.510010,128.550003,36.000000,41.000000
291.959991,133.130005,36.000000,41.000000
291.459991,140.050003,37.000000,42.000000
290.959991,148.050003,38.000000,42.000000
288.290009,150.710007,38.000000,42.000000
288.290009,150.710007,38.000000,42.000000
286.160004,151.250000,38.000000,42.000000
286.160004,151.250000,38.000000,42.000000
286.160004,151.250000,38.000000,42.000000
288.829987,151.250000,38.000000,42.000000
291.489990,153.380005,38.000000,42.000000
294.160004,158.179993,38.000000,42.000000
294.160004,162.979996,38.000000,42.000000
294.160004,165.110001,38.000000,42.000000
294.160004,161.380005,38.000000,42.000000
294.160004,156.580002,38.000000,42.000000
291.489990,147.509995,38.000000,42.000000
291.489990,142.710007,38.000000,42.000000
291.989990,140.600006,37.000000,42.000000
291.989990,142.710007,37.000000,42.000000
294.109985,146.949997,37.000000,42.000000
298.350006,151.720001,37.000000,42.000000
297.850006,155.990005,38.000000,42.000000
295.720001,153.320007,38.000000,42.000000
295.720001,146.389999,38.000000,42.000000
297.850006,141.589996,38.000000,42.000000
300.519989,129.860001,38.000000,42.000000
303.660004,129.860001,37.000000,42.000000
306.309998,131.979996,37.000000,42.000000
306.309998,136.750000,37.000000,42.000000
305.809998,141.550003,38.000000,42.000000
310.609985,146.339996,38.000000,42.000000
306.350006,149.539993,38.000000,42.000000
306.350006,142.610001,38.000000,42.000000
306.350006,135.679993,38.000000,42.000000
306.350006,130.880005,38.000000,42.000000
306.350006,130.880005,38.000000,42.000000
306.350006,133.009995,38.000000,42.000000
308.480011,137.279999,38.000000,42.000000
308.480011,137.279999,38.000000,42.000000
306.350006,142.080002,38.000000,42.000000
308.480011,149.009995,38.000000,42.000000
312.209991,146.880005,38.000000,42.000000
314.339996,142.080002,38.000000,42.000000
316.480011,139.949997,38.000000,42.000000
316.480011,135.149994,38.000000,42.000000
316.480011,133.009995,38.000000,42.000000
316.480011,133.009995,38.000000,42.000000
314.339996,137.279999,38.000000,42.000000
314.880005,135.149994,38.000000,42.000000
314.880005,139.410004,38.000000,42.000000
312.739990,137.279999,38.000000,42.000000
312.739990,139.949997,38.000000,42.000000
312.739990,132.479996,38.000000,42.000000
310.609985,125.550003,38.000000,42.000000
310.609985,120.750000,38.000000,42.000000
308.480011,120.750000,38.000000,42.000000
308.480011,123.419998,38.000000,42.000000
305.809998,130.350006,38.000000,42.000000
302.609985,137.809998,38.000000,42.000000
300.480011,142.610001,38.000000,42.000000
298.350006,142.610001,38.000000,42.000000
298.350006,135.679993,38.000000,42.000000
298.350006,130.880005,38.000000,42.000000
298.350006,128.220001,38.000000,42.000000
298.350006,126.080002,38.000000,42.000000
298.350006,128.220001,38.000000,42.000000
298.350006,132.479996,38.000000,42.000000
298.350006,139.410004,38.000000,42.000000
298.880005,146.339996,38.000000,42.000000
298.880005,151.139999,38.000000,42.000000
301.010010,149.009995,38.000000,42.000000
303.149994,141.550003,38.000000,42.000000
305.809998,134.610001,38.000000,42.000000
308.429993,130.380005,37.000000,42.000000
308.929993,130.880005,36.000000,41.000000
311.480011,132.919998,36.000000,41.000000
313.519989,136.990005,36.000000,41.000000
311.989990,141.580002,36.000000,41.000000
311.989990,143.619995,36.000000,41.000000
311.989990,143.619995,36.000000,41.000000
311.989990,143.619995,36.000000,41.000000
311.989990,141.580002,36.000000,41.000000
311.989990,141.580002,36.000000,41.000000
314.029999,143.619995,36.000000,41.000000
316.070007,143.619995,36.000000,41.000000
316.070007,145.149994,36.000000,41.000000
318.109985,145.149994,36.000000,41.000000
316.070007,143.110001,36.000000,41.000000
313.540009,143.610001,36.000000,40.000000
311.000000,141.580002,36.000000,40.000000
308.470001,141.580002,36.000000,40.000000
308.470001,143.610001,36.000000,40.000000
306.440002,143.610001,36.000000,40.000000
306.440002,143.610001,36.000000,40.000000
306.440002,141.580002,36.000000,40.000000
304.420013,141.580002,36.000000,40.000000
302.390015,144.119995,36.000000,40.000000
300.369995,144.119995,36.000000,40.000000
300.369995,142.089996,36.000000,40.000000
297.829987,142.089996,36.000000,40.000000
297.829987,140.059998,36.000000,40.000000
295.809998,142.089996,36.000000,40.000000
297.829987,142.089996,36.000000,40.000000
299.859985,144.119995,36.000000,40.000000
299.859985,148.669998,36.000000,40.000000
301.890015,150.699997,36.000000,40.000000
301.890015,152.729996,36.000000,40.000000
301.890015,154.750000,36.000000,40.000000
303.910004,152.729996,36.000000,40.000000
305.940002,152.729996,36.000000,40.000000
308.470001,157.289993,36.000000,40.000000
311.000000,159.309998,36.000000,40.000000
313.540009,174.509995,36.000000,40.000000
2
0
0
0
0
1
346.500000,151.690002,41.000000,55.000000
346.500000,154.880005,41.000000,55.000000
346.000000,160.190002,42.000000,56.000000
342.170013,170.990005,43.000000,57.000000
335.589996,175.279999,45.000000,61.000000
